Temperature=300.0
	x	y	K	H
0	0	1.0	1.0	0.0
640	1	0.0	1.0	0.0
641	1	1.0	7.9522979092277595	2.186635493882793
642	2	0.0	0.7847819732776771	7.334092035792086
643	2	1.0	12.481640090591412	9.520727529674879
644	2	2.0	49.628860198071735	11.707363023557672
645	3	0.0	1.9118017507247729	19.1055536999761
646	3	1.0	45.60965119543975	21.292189193858892
647	3	2.0	362.70153384210295	23.478824687741685
648	3	3.0	961.4368830820853	25.66546018162448
649	4	0.0	8.577105447444481	33.12212994350031
650	4	1.0	272.83079086775507	35.3087654373831
651	4	2.0	3254.447591685908	37.4954009312659
652	4	3.0	17253.557852703438	39.682036425148695
653	4	4.0	34301.35800969846	41.868671919031485
654	5	0.0	56.1554672270218	48.30542203876991
655	5	1.0	2232.8250231057677	50.49205753265271
656	5	2.0	35512.17952583085	52.6786930265355
657	5	3.0	282403.43099538574	54.86532852041829
658	5	4.0	1122878.106931675	57.051964014301085
659	5	5.0	1785892.2444140764	59.23859950818388
660	6	0.0	465.4769026816331	63.89657614053269
661	6	1.0	22209.665999933753	66.08321163441548
662	6	2.0	441544.70123980095	68.26984712829827
663	6	3.0	4681726.672666485	70.45648262218107
664	6	4.0	27922863.922966104	72.64311811606386
665	6	5.0	88820372.95770183	74.82975360994665
666	6	6.0	117721011.02806051	77.01638910382945
667	7	0.0	4396.987998092973	79.24139680904167
668	7	1.0	244763.1092489399	81.42803230292446
669	7	2.0	5839287.485809294	83.61466779680725
670	7	3.0	77392922.77463531	85.80130329069006
671	7	4.0	615451577.9697584	87.98793878457285
672	7	5.0	2936552578.0318885	90.17457427845564
673	7	6.0	7784113642.20679	92.36120977233844
674	7	7.0	8843084377.444641	94.54784526622123
675	8	0.0	43306.6887542551	93.70847034373341
676	8	1.0	2755101.5234883246	95.8951058376162
677	8	2.0	76682858.29731241	98.08174133149899
678	8	3.0	1219609867.422651	100.2683768253818
679	8	4.0	12123376248.473366	102.45501231926458
680	8	5.0	77126959674.81313	104.64164781314737
681	8	6.0	306668280083.5537	106.82828330703018
682	8	7.0	696776435009.9769	109.01491880091297
683	8	8.0	692621723416.128	111.20155429479576
684	9	1.0	29323776.66759308	108.83808737470177
685	9	2.0	932765631.5374466	111.02472286858458
686	9	3.0	17307803756.77444	113.21135836246737
687	9	4.0	206455217442.48267	115.39799385635015
688	9	5.0	1641793394017.0188	117.58462935023294
689	9	6.0	8704020116417.005	119.77126484411573
690	9	7.0	29664411845853.887	121.95790033799854
691	9	8.0	58975060075063.81	124.14453583188133
692	9	9.0	52109694103501.38	126.33117132576412
693	10	1.0	30161670.20283127	114.1991797585044
694	10	2.0	2643315300.9220037	111.18817064328445
695	10	3.0	137277313458.5406	108.17716152806449
696	10	4.0	4678621252403.254	105.16615241284453
697	10	5.0	109340285738203.73	102.15514329762456
698	10	6.0	1774516441731125.8	99.1441341824046
699	10	7.0	1.9747996799205384e+16	96.13312506718465
700	10	8.0	1.442232855775298e+17	93.12211595196469
701	10	9.0	6.241715083876347e+17	90.11110683674472
702	11	1.0	342082585.28443134	121.68410957883734
703	11	2.0	33310568081.222027	118.67310046361737
704	11	3.0	1946186085394.1875	115.66209134839742
705	11	4.0	75804576888761.53	112.65108223317746
706	11	5.0	2066828934954694.5	109.6400731179575
707	11	6.0	4.025182743097159e+16	106.62906400273755
708	11	7.0	5.599363160123261e+17	103.61805488751759
709	11	8.0	5.452425109617573e+18	100.60704577229762
710	11	9.0	3.539561997300835e+19	97.59603665707766
711	11	10.0	1.3786708351816453e+20	94.5850275418577
712	11	11.0	2.4408942961020276e+20	91.57401842663775
713	12	1.0	4198534915.5713677	128.68028744558558
714	12	2.0	449719301943.6092	125.66927833036561
715	12	3.0	29194520210914.254	122.65826921514567
716	12	4.0	1279277995177841.8	119.6472600999257
717	12	5.0	3.986263302377568e+16	116.63625098470574
718	12	6.0	9.057197548674025e+17	113.62524186948579
719	12	7.0	1.5119175905732778e+19	110.61423275426583
720	12	8.0	1.8403024591310635e+20	107.60322363904586
721	12	9.0	1.5928972318243663e+21	104.5922145238259
722	12	10.0	9.306579282828584e+21	101.58120540860594
723	12	11.0	3.2954024569156122e+22	98.57019629338599
724	13	1.0	55217616045.63996	135.24709503652923
725	13	2.0	6452231961618.417	132.23608592130927
726	13	3.0	460746952942338.75	129.2250768060893
727	13	4.0	2.243280337033242e+16	126.21406769086936
728	13	5.0	7.863884458999005e+17	123.2030585756494
729	13	6.0	2.0420056046723113e+19	120.19204946042944
730	13	7.0	3.9768389063194726e+20	117.18104034520948
731	13	8.0	5.808718515743532e+21	114.17003122998952
732	13	9.0	6.2847628648387975e+22	111.15902211476956
733	13	10.0	4.895870887072034e+23	108.1480129995496
734	13	11.0	2.6003966322675544e+24	105.13700388432964
735	13	12.0	8.440524090140996e+24	102.12599476910968
736	14	1.0	771632788801.6332	141.434314402839
737	14	2.0	97679875989070.06	138.42330528761903
738	14	3.0	7609325465296826.0	135.41229617239907
739	14	4.0	4.0753031775720314e+17	132.4012870571791
740	14	5.0	1.5873437560144716e+19	129.39027794195917
741	14	6.0	4.637066415619361e+20	126.3792688267392
742	14	7.0	1.0320870585343217e+22	123.36825971151924
743	14	8.0	1.7587554435377813e+23	120.35725059629928
744	14	9.0	2.2834697608268284e+24	117.34624148107932
745	14	10.0	2.2235471257967967e+25	114.33523236585935
746	14	11.0	1.5746887097256658e+26	111.3242232506394
747	14	12.0	7.66682925826738e+26	108.31321413541944
748	15	1.0	11373792842537.879	147.28446855466782
749	15	2.0	1550545172333977.0	144.27345943944786
750	15	3.0	1.3085417688056101e+17	141.2624503242279
751	15	4.0	7.645218707759657e+18	138.25144120900796
752	15	5.0	3.2756211293691314e+20	135.240432093788
753	15	6.0	1.0632208452179712e+22	132.22942297856804
754	15	7.0	2.662251137689777e+23	129.21841386334808
755	15	8.0	5.18477710273326e+24	126.20740474812811
756	15	9.0	7.853562246676569e+25	123.19639563290815
757	15	10.0	9.176963615865447e+26	120.18538651768819
758	15	11.0	8.123765867053545e+27	117.17437740246824
759	15	12.0	5.273721758648678e+28	114.16336828724828
760	15	13.0	2.3701519220096897e+29	111.15235917202831
761	16	2.0	2.5660947460156184e+16	149.82348163402528
762	16	3.0	2.3321717889950356e+18	146.81247251880532
763	16	4.0	1.476131227445856e+20	143.8014634035854
764	16	5.0	6.89949459418667e+21	140.79045428836542
765	16	6.0	2.4634274852668823e+23	137.77944517314546
766	16	7.0	6.853664039126405e+24	134.7684360579255
767	16	8.0	1.5016074126675142e+26	131.75742694270554
768	16	9.0	2.599470841390287e+27	128.74641782748557
769	16	10.0	3.54375802297566e+28	125.73540871226561
770	16	11.0	3.764468729292071e+29	122.72439959704566
771	16	12.0	3.054734862549089e+30	119.7133904818257
772	16	13.0	1.8305063070692038e+31	116.70238136660574
773	16	14.0	7.639158443989174e+31	113.69137225138579
774	16	15.0	1.9836512653431124e+32	110.68036313616582
775	17	3.0	4.2890106705599e+19	152.09492662286533
776	17	4.0	2.9235211513847423e+21	149.08391750764537
777	17	5.0	1.4803372156446822e+23	146.07290839242543
778	17	6.0	5.76596128842961e+24	143.06189927720547
779	17	7.0	1.764604720327144e+26	140.0508901619855
780	17	8.0	4.295745252862598e+27	137.03988104676554
781	17	9.0	8.366033283225242e+28	134.02887193154558
782	17	10.0	1.3034387986465035e+30	131.01786281632562
783	17	11.0	1.6153888030572627e+31	128.00685370110568
784	17	12.0	1.5729978963162204e+32	124.9958445858857
785	17	13.0	1.1782456987980071e+33	121.98483547066574
786	17	14.0	6.556150098513966e+33	118.9738263554458
787	17	15.0	2.5536416479742725e+34	115.96281724022583
788	17	16.0	6.2165729584833125e+34	112.95180812500587
789	18	3.0	8.105287759613092e+20	157.13891852402045
790	18	4.0	5.9194420736880496e+22	154.12790940880052
791	18	5.0	3.2278985409126374e+24	151.11690029358056
792	18	6.0	1.3620499878416655e+26	148.1058911783606
793	18	7.0	4.5473388976911635e+27	145.09488206314063
794	18	8.0	1.217702196060211e+29	142.08387294792067
795	18	9.0	2.634994111520406e+30	139.0728638327007
796	18	10.0	4.61852424350659e+31	136.06185471748074
797	18	11.0	6.541564059936811e+32	133.05084560226078
798	18	12.0	7.431550988217021e+33	130.03983648704082
799	18	13.0	6.679876438058023e+34	127.02882737182087
800	18	14.0	4.6461311732468814e+35	124.01781825660092
801	18	15.0	2.4129108064287017e+36	121.00680914138096
802	18	16.0	8.810967710980031e+36	117.99580002616099
803	18	17.0	2.0187649376023747e+37	114.98479091094103
804	19	3.0	1.5677147208657557e+22	161.97078958050906
805	19	4.0	1.2212598989314078e+24	158.9597804652891
806	19	5.0	7.135270152567894e+25	155.94877135006917
807	19	6.0	3.242412577032717e+27	152.9377622348492
808	19	7.0	1.1727208775482454e+29	149.92675311962924
809	19	8.0	3.425839283753114e+30	146.91574400440928
810	19	9.0	8.154516765923832e+31	143.9047348891893
811	19	10.0	1.58810531483161e+33	140.89372577396935
812	19	11.0	2.530522438783557e+34	137.88271665874942
813	19	12.0	3.2854888889115313e+35	134.87170754352945
814	19	13.0	3.445369142084713e+36	131.8606984283095
815	19	14.0	2.87567660081499e+37	128.84968931308953
816	19	15.0	1.8668088801105922e+38	125.83868019786956
817	19	16.0	9.089101136769184e+38	122.8276710826496
818	19	17.0	3.1237361135200204e+39	119.81666196742964
819	20	2.0	2.645814216391908e+21	169.62566204597536
820	20	3.0	3.091659559767642e+23	166.6146529307554
821	20	4.0	2.5589492005088756e+25	163.60364381553546
822	20	5.0	1.5947503715514115e+27	160.5926347003155
823	20	6.0	7.764505284586167e+28	157.58162558509554
824	20	7.0	3.0242998974550437e+30	154.57061646987557
825	20	8.0	9.571043481574727e+31	151.5596073546556
826	20	9.0	2.4853015750469816e+33	148.54859823943565
827	20	10.0	5.324181467703176e+34	145.53758912421569
828	20	11.0	9.426299479394112e+35	142.52658000899572
829	20	12.0	1.3768402897560655e+37	139.51557089377576
830	20	13.0	1.6501038208745266e+38	136.5045617785558
831	20	14.0	1.6068019253486046e+39	133.49355266333586
832	20	15.0	1.2517090838251229e+40	130.4825435481159
833	20	16.0	7.617886449110716e+40	127.47153443289594
834	20	17.0	3.490813396793267e+41	124.46052531767597
835	20	18.0	1.1330692481372555e+42	121.44951620245601
836	21	6.0	1.8665404088109536e+30	162.05978697978804
837	21	7.0	7.789537719673206e+31	159.04877786456808
838	21	8.0	2.6547938478317165e+33	156.03776874934812
839	21	9.0	7.468144537031516e+34	153.02675963412815
840	21	10.0	1.745319857198927e+36	150.0157505189082
841	21	11.0	3.3990386197761525e+37	147.00474140368823
842	21	12.0	5.5164021898695536e+38	143.99373228846827
843	21	13.0	7.437657038763546e+39	140.9827231732483
844	21	14.0	8.277118427361627e+40	137.97171405802837
845	21	15.0	7.522583536884844e+41	134.9607049428084
846	21	16.0	5.4938823656515385e+42	131.94969582758844
847	21	17.0	3.146889608183488e+43	128.93868671236848
848	21	18.0	1.3619151897724283e+44	125.92767759714852
849	21	19.0	4.18792395089818e+44	122.91666848192857
850	22	5.0	8.144898473115275e+29	169.40408841453106
851	22	6.0	4.494324387508095e+31	166.3930792993111
852	22	7.0	2.0006329957138422e+33	163.38207018409113
853	22	8.0	7.305497028647468e+34	160.37106106887117
854	22	9.0	2.2131780989060046e+36	157.3600519536512
855	22	10.0	5.603260135656084e+37	154.34904283843125
856	22	11.0	1.1904479609504527e+39	151.3380337232113
857	22	12.0	2.1252152507345612e+40	148.32702460799135
858	22	13.0	3.1837623356802562e+41	145.31601549277138
859	22	14.0	3.985989805608517e+42	142.30500637755142
860	22	15.0	4.1401490907740183e+43	139.29399726233146
861	22	16.0	3.5275656691197113e+44	136.2829881471115
862	22	17.0	2.4247027528091877e+45	133.27197903189153
863	22	18.0	1.3117077181331777e+46	130.26096991667157
864	22	19.0	5.378046259758468e+46	127.24996080145162
865	22	20.0	1.57107479701744e+47	124.23895168623166
866	22	21.0	2.913993857066915e+47	121.2279425710117
867	23	6.0	1.0813222096914808e+33	170.60113156668072
868	23	7.0	5.114310292838234e+34	167.59012245146076
869	23	8.0	1.9920403847092387e+36	164.5791133362408
870	23	9.0	6.4658847219819695e+37	161.56810422102083
871	23	10.0	1.762938094501119e+39	158.55709510580087
872	23	11.0	4.0575959527615165e+40	155.54608599058093
873	23	12.0	7.902233673671101e+41	152.53507687536097
874	23	13.0	1.3022077327089539e+43	149.524067760141
875	23	14.0	1.811478998776555e+44	146.51305864492105
876	23	15.0	2.1167307701306506e+45	143.50204952970108
877	23	16.0	2.061183686665216e+46	140.49104041448112
878	23	17.0	1.6529011597606106e+47	137.48003129926116
879	23	18.0	1.0730172377908232e+48	134.4690221840412
880	23	19.0	5.499258964651634e+48	131.45801306882123
881	23	20.0	2.1419791362484737e+49	128.44700395360127
882	23	21.0	5.95934139180675e+49	125.43599483838132
883	24	6.0	2.5930836394844986e+34	174.7025875643606
884	24	7.0	1.2985900154971268e+36	171.69157844914065
885	24	8.0	5.374178200582539e+37	168.6805693339207
886	24	9.0	1.8606753550893532e+39	165.66956021870072
887	24	10.0	5.435542973450842e+40	162.65855110348076
888	24	11.0	1.3472846238683108e+42	159.6475419882608
889	24	12.0	2.8425134531029005e+43	156.63653287304084
890	24	13.0	5.110006960956299e+44	153.62552375782087
891	24	14.0	7.819288019070188e+45	150.61451464260094
892	24	15.0	1.0152126498512016e+47	147.60350552738097
893	24	16.0	1.1121429586769564e+48	144.592496412161
894	24	17.0	1.0192547671151048e+49	141.58148729694105
895	24	18.0	7.719503269041602e+49	138.57047818172109
896	24	19.0	4.747533895243242e+50	135.55946906650115
897	24	20.0	2.311474740871667e+51	132.5484599512812
898	24	21.0	8.574541719404362e+51	129.53745083606123
899	24	22.0	2.2771443451720098e+52	126.52644172084126
900	25	7.0	3.2677360801001537e+37	175.70427608063636
901	25	8.0	1.4318929823542673e+39	172.6932669654164
902	25	9.0	5.267421132494558e+40	169.68225785019644
903	25	10.0	1.6413420411966052e+42	166.67124873497647
904	25	11.0	4.358918377113669e+43	163.6602396197565
905	25	12.0	9.903907957238265e+44	160.64923050453655
906	25	13.0	1.9288020757059877e+46	157.63822138931658
907	25	14.0	3.2197484611794347e+47	154.62721227409665
908	25	15.0	4.59837557469684e+48	151.6162031588767
909	25	16.0	5.597131702736509e+49	148.60519404365672
910	25	17.0	5.77085528113531e+50	145.59418492843676
911	25	18.0	4.995037286925051e+51	142.5831758132168
912	25	19.0	3.5839689854027804e+52	139.57216669799686
913	25	20.0	2.093951250806564e+53	136.5611575827769
914	25	21.0	9.70953307479635e+53	133.55014846755694
915	25	22.0	3.4380859151143266e+54	130.53913935233697
916	25	23.0	8.73355808657429e+54	127.52813023711701
917	26	8.0	3.7602450735466155e+40	176.63438669366303
918	26	9.0	1.464627606463014e+42	173.62337757844307
919	26	10.0	4.84905607509183e+43	170.6123684632231
920	26	11.0	1.3736167343945987e+45	167.60135934800314
921	26	12.0	3.343925978467472e+46	164.59035023278318
922	26	13.0	7.013299858362423e+47	161.57934111756322
923	26	14.0	1.2682906584230108e+49	158.56833200234328
924	26	15.0	1.9760132385131512e+50	155.55732288712332
925	26	16.0	2.6457184235853115e+51	152.54631377190336
926	26	17.0	3.0309290440632615e+52	149.5353046566834
927	26	18.0	2.9513916409300742e+53	146.52429554146343
928	26	19.0	2.420161222833498e+54	143.5132864262435
929	26	20.0	1.6496560787971346e+55	140.50227731102353
930	26	21.0	9.179233902193079e+55	137.49126819580357
931	26	22.0	4.062887801550107e+56	134.4802590805836
932	26	23.0	1.3760938495101673e+57	131.46924996536364
933	26	24.0	3.3499562556031816e+57	128.45824085014368
934	27	8.0	9.711133036875641e+41	180.5205753681083
935	27	9.0	3.9926575690824736e+43	177.50956625288833
936	27	10.0	1.399637722012778e+45	174.49855713766837
937	27	11.0	4.2126263910515447e+46	171.48754802244844
938	27	12.0	1.0938877275941976e+48	168.47653890722847
939	27	13.0	2.4581123338260323e+49	165.4655297920085
940	27	14.0	4.7872134840844276e+50	162.45452067678855
941	27	15.0	8.080085523318898e+51	159.44351156156858
942	27	16.0	1.1802072825608184e+53	156.43250244634862
943	27	17.0	1.4872470738852058e+54	153.42149333112866
944	27	18.0	1.609132058208791e+55	150.4104842159087
945	27	19.0	1.4844366383467789e+56	147.39947510068873
946	27	20.0	1.1563857344634252e+57	144.38846598546877
947	27	21.0	7.506933002541922e+57	141.3774568702488
948	27	22.0	3.9872381745226936e+58	138.36644775502887
949	27	23.0	1.6880892964849306e+59	135.3554386398089
950	27	24.0	5.479301963587534e+59	132.34442952458895
951	27	25.0	1.2805234919087376e+60	129.33342040936898
952	28	9.0	1.0649055853916494e+45	181.35704116336666
953	28	10.0	3.9404495816855897e+46	178.3460320481467
954	28	11.0	1.2557600547301198e+48	175.33502293292673
955	28	12.0	3.4646184095855397e+49	172.32401381770677
956	28	13.0	8.304492711412755e+50	169.3130047024868
957	28	14.0	1.7328357562724612e+52	166.30199558726687
958	28	15.0	3.1497439227568813e+53	163.2909864720469
959	28	16.0	4.9840189568996774e+54	160.27997735682695
960	28	17.0	6.851617017728475e+55	157.26896824160698
961	28	18.0	8.154443512532127e+56	154.25795912638702
962	28	19.0	8.3583739400801e+57	151.2469500111671
963	28	20.0	7.325130729851947e+58	148.23594089594712
964	28	21.0	5.434594454579234e+59	145.22493178072716
965	28	22.0	3.367623796453084e+60	142.2139226655072
966	28	23.0	1.710913500489092e+61	139.20291355028724
967	28	24.0	6.941732675427206e+61	136.19190443506727
968	28	25.0	2.163061846078543e+62	133.1808953198473
969	28	26.0	4.860689875704301e+62	130.16988620462735
970	29	9.0	2.7726855446823657e+46	185.18167806941935
971	29	10.0	1.0799699789121706e+48	182.17066895419939
972	29	11.0	3.63290187840057e+49	179.15965983897945
973	29	12.0	1.0612702653563132e+51	176.1486507237595
974	29	13.0	2.7027920611837025e+52	173.13764160853952
975	29	14.0	6.015692807118044e+53	170.12663249331956
976	29	15.0	1.1715658933097134e+55	167.1156233780996
977	29	16.0	1.996438067199276e+56	164.10461426287964
978	29	17.0	2.973249416561883e+57	161.09360514765967
979	29	18.0	3.860300850275303e+58	158.0825960324397
980	29	19.0	4.352525316539984e+59	155.07158691721975
981	29	20.0	4.238306687295821e+60	152.06057780199978
982	29	21.0	3.537501749481563e+61	149.04956868677982
983	29	22.0	2.505215203634248e+62	146.0385595715599
984	29	23.0	1.4848969386218514e+63	143.02755045633992
985	29	24.0	7.229651945952397e+63	140.01654134111996
986	29	25.0	2.815972793808891e+64	137.0055322259
987	29	26.0	8.437157710147092e+64	133.99452311068003
988	29	27.0	1.825722328179806e+65	130.9835139954601
989	30	9.0	7.030474526111092e+47	188.9990861386187
990	30	10.0	2.875312172446654e+49	185.98807702339874
991	30	11.0	1.0181303473084741e+51	182.9770679081788
992	30	12.0	3.1394733925931016e+52	179.96605879295885
993	30	13.0	8.465780982870346e+53	176.95504967773888
994	30	14.0	2.002022636248347e+55	173.94404056251892
995	30	15.0	4.158902857960135e+56	170.93303144729896
996	30	16.0	7.593309851520241e+57	167.922022332079
997	30	17.0	1.217843003629195e+59	164.91101321685903
998	30	18.0	1.7129442238883885e+60	161.90000410163907
999	30	19.0	2.1069388742109258e+61	158.8889949864191
1000	30	20.0	2.2568136238044445e+62	155.87798587119914
1001	30	21.0	2.0929433305135286e+63	152.86697675597918
1002	30	22.0	1.6674712978743828e+64	149.85596764075925
1003	30	23.0	1.1295399279124366e+65	146.84495852553928
1004	30	24.0	6.416075338096743e+65	143.83394941031932
1005	30	25.0	2.9988984914091617e+66	140.82294029509936
1006	30	26.0	1.123154473667631e+67	137.8119311798794
1007	30	27.0	3.240535531065202e+67	134.80092206465946
1008	30	28.0	6.761780680455327e+67	131.7899129494395
1009	30	29.0	9.081846289950129e+67	128.77890383421953
1010	31	10.0	7.419187517946573e+50	189.8136629955728
1011	31	11.0	2.7584430791959425e+52	186.80265388035286
1012	31	12.0	8.9535207715346e+53	183.7916447651329
1013	31	13.0	2.548503083118298e+55	180.78063564991294
1014	31	14.0	6.38132262262658e+56	177.76962653469297
1015	31	15.0	1.408475942682107e+58	174.758617419473
1016	31	16.0	2.7430296541090926e+59	171.74760830425305
1017	31	17.0	4.713612854594493e+60	168.7365991890331
1018	31	18.0	7.139873369055258e+61	165.72559007381312
1019	31	19.0	9.513960190559709e+62	162.71458095859316
1020	31	20.0	1.1117154708808124e+64	159.7035718433732
1021	31	21.0	1.1340915356205042e+65	156.69256272815323
1022	31	22.0	1.003937085602056e+66	153.6815536129333
1023	31	23.0	7.65071880300579e+66	150.67054449771334
1024	31	24.0	4.9666328253436895e+67	147.65953538249337
1025	31	25.0	2.7083273475108225e+68	144.6485262672734
1026	31	26.0	1.2171949074877215e+69	141.63751715205345
1027	31	27.0	4.389827310513911e+69	138.6265080368335
1028	31	28.0	1.221322801502516e+70	135.61549892161355
1029	31	29.0	2.4605647116856394e+70	132.6044898063936
1030	32	11.0	7.2086707448741715e+53	190.6516773032431
1031	32	12.0	2.4568254796690684e+55	187.64066818802314
1032	32	13.0	7.361088176650603e+56	184.62965907280318
1033	32	14.0	1.945578034893921e+58	181.61864995758324
1034	32	15.0	4.546853587517943e+59	178.60764084236328
1035	32	16.0	9.40851274831518e+60	175.59663172714332
1036	32	17.0	1.7245393490764115e+62	172.58562261192336
1037	32	18.0	2.7988068703932047e+63	169.5746134967034
1038	32	19.0	4.016321177773076e+64	166.56360438148346
1039	32	20.0	5.084202748647069e+65	163.5525952662635
1040	32	21.0	5.65803828274741e+66	160.54158615104353
1041	32	22.0	5.50956048425866e+67	157.53057703582357
1042	32	23.0	4.665199155265792e+68	154.5195679206036
1043	32	24.0	3.4070815226839975e+69	151.50855880538364
1044	32	25.0	2.123310819583933e+70	148.49754969016368
1045	32	26.0	1.1133182646788213e+71	145.48654057494372
1046	32	27.0	4.818234016770628e+71	142.47553145972375
1047	32	28.0	1.6756408200736825e+72	139.4645223445038
1048	32	29.0	4.501155267890434e+72	136.45351322928383
1049	33	12.0	6.472024347272606e+56	191.52828920613786
1050	33	13.0	2.0360908583350598e+58	188.5172800909179
1051	33	14.0	5.664742631810489e+59	185.50627097569796
1052	33	15.0	1.3974091875738041e+61	182.495261860478
1053	33	16.0	3.0616615909552715e+62	179.48425274525803
1054	33	17.0	5.9626354134561544e+63	176.47324363003807
1055	33	18.0	1.0322070045982341e+65	173.4622345148181
1056	33	19.0	1.5870314353289829e+66	170.45122539959817
1057	33	20.0	2.163538552582387e+67	167.4402162843782
1058	33	21.0	2.608373415077874e+68	164.42920716915825
1059	33	22.0	2.7708269277178935e+69	161.41819805393828
1060	33	23.0	2.580805751649401e+70	158.40718893871832
1061	33	24.0	2.094233707318725e+71	155.39617982349836
1062	33	25.0	1.4682794328127362e+72	152.3851707082784
1063	33	26.0	8.79845513027885e+72	149.37416159305843
1064	33	27.0	4.442442022808712e+73	146.36315247783847
1065	33	28.0	1.8539416313078303e+74	143.3521433626185
1066	33	29.0	6.225140137547161e+74	140.34113424739854
1067	33	30.0	1.6164747990664008e+75	137.3301251321786
1068	34	13.0	5.381571221336488e+59	192.4586009861021
1069	34	14.0	1.572104534960968e+61	189.44759187088218
1070	34	15.0	4.082265308269346e+62	186.43658275566222
1071	34	16.0	9.440954699978869e+63	183.42557364044225
1072	34	17.0	1.9467965444763797e+65	180.4145645252223
1073	34	18.0	3.580783405398725e+66	177.40355541000233
1074	34	19.0	5.872533502453607e+67	174.3925462947824
1075	34	20.0	8.577640405755393e+68	171.38153717956243
1076	34	21.0	1.1136728848662389e+70	168.37052806434247
1077	34	22.0	1.2816203258720132e+71	165.3595189491225
1078	34	23.0	1.3022484995771462e+72	162.34850983390254
1079	34	24.0	1.162402079859941e+73	159.33750071868258
1080	34	25.0	9.05518732249586e+73	156.3264916034626
1081	34	26.0	6.104465864559924e+74	153.31548248824265
1082	34	27.0	3.5225321175430035e+75	150.3044733730227
1083	34	28.0	1.7150470524850845e+76	147.29346425780273
1084	34	29.0	6.910514158965306e+76	144.28245514258276
1085	34	30.0	2.243056328801096e+77	141.27144602736283
1086	34	31.0	5.636630244893747e+77	138.26043691214286
1087	35	13.0	1.355959382681188e+61	196.4687024459683
1088	35	14.0	4.149754407912054e+62	193.45769333074833
1089	35	15.0	1.1314399255620693e+64	190.44668421552836
1090	35	16.0	2.7543719186195023e+65	187.4356751003084
1091	35	17.0	5.9952642603848076e+66	184.42466598508844
1092	35	18.0	1.1675874008284777e+68	181.41365686986848
1093	35	19.0	2.0345379241451212e+69	178.4026477546485
1094	35	20.0	3.1698363822743416e+70	175.39163863942855
1095	35	21.0	4.4095054051801936e+71	172.3806295242086
1096	35	22.0	5.4648255567850105e+72	169.36962040898865
1097	35	23.0	6.01551603566876e+73	166.3586112937687
1098	35	24.0	5.857657333921664e+74	163.34760217854873
1099	35	25.0	5.019468210143893e+75	160.33659306332876
1100	35	26.0	3.7598059366166364e+76	157.3255839481088
1101	35	27.0	2.4407609353497406e+77	154.31457483288887
1102	35	28.0	1.3581203872050225e+78	151.3035657176689
1103	35	29.0	6.3843895771767376e+78	148.29255660244894
1104	35	30.0	2.4867403699111088e+79	145.28154748722898
1105	35	31.0	7.811237172391555e+79	142.270538372009
1106	35	32.0	1.9015638242236849e+80	139.25952925678905
1107	35	33.0	3.3666602453441904e+80	136.2485201415691
1108	36	15.0	2.9688719824294875e+65	194.54065712992968
1109	36	16.0	7.588778074128375e+66	191.52964801470972
1110	36	17.0	1.73873740068355e+68	188.51863889948976
1111	36	18.0	3.5743424671069354e+69	185.5076297842698
1112	36	19.0	6.594716560527194e+70	182.49662066904983
1113	36	20.0	1.0916819490572864e+72	179.48561155382987
1114	36	21.0	1.6198615110944435e+73	176.4746024386099
1115	36	22.0	2.1509362253162143e+74	173.46359332338997
1116	36	23.0	2.549815769527082e+75	170.45258420817
1117	36	24.0	2.689812345295269e+76	167.44157509295005
1118	36	25.0	2.514457439919132e+77	164.43056597773008
1119	36	26.0	2.07178505283886e+78	161.41955686251012
1120	36	27.0	1.49438328249961e+79	158.40854774729019
1121	36	28.0	9.35465009897247e+79	155.39753863207022
1122	36	29.0	5.02574681493021e+80	152.38652951685026
1123	36	30.0	2.2838020612082116e+81	149.3755204016303
1124	36	31.0	8.608531765074329e+81	146.36451128641033
1125	36	32.0	2.6195710459931024e+82	143.35350217119037
1126	36	33.0	6.183826587396949e+82	140.3424930559704
1127	37	15.0	7.358005110678026e+66	198.73363057541678
1128	37	16.0	1.9703521517703845e+68	195.72262146019682
1129	37	17.0	4.740185037172296e+69	192.71161234497686
1130	37	18.0	1.0257318826292658e+71	189.7006032297569
1131	37	19.0	1.9976294134348988e+72	186.68959411453693
1132	37	20.0	3.501374001237349e+73	183.67858499931697
1133	37	21.0	5.52012863915106e+74	180.667575884097
1134	37	22.0	7.818574334186443e+75	177.65656676887707
1135	37	23.0	9.930521631473794e+76	174.6455576536571
1136	37	24.0	1.1281579935273368e+78	171.63454853843714
1137	37	25.0	1.1424950780017866e+79	168.62353942321718
1138	37	26.0	1.0269358259455589e+80	165.61253030799722
1139	37	27.0	8.148042680533918e+80	162.60152119277728
1140	37	28.0	5.667301700864985e+81	159.59051207755732
1141	37	29.0	3.425326021540594e+82	156.57950296233736
1142	37	30.0	1.778900737996326e+83	153.5684938471174
1143	37	31.0	7.822924352806532e+83	150.55748473189743
1144	37	32.0	2.8566134187129326e+84	147.54647561667747
1145	37	33.0	8.429243613935976e+84	144.5354665014575
1146	37	34.0	1.9313044851040747e+85	141.52445738623754
1147	38	15.0	1.71801978774938e+68	203.04079653507048
1148	38	16.0	4.80968998434244e+69	200.02978741985052
1149	38	17.0	1.2121933936871073e+71	197.01877830463056
1150	38	18.0	2.7542272552025516e+72	194.0077691894106
1151	38	19.0	5.6462127132435733e+73	190.99676007419066
1152	38	20.0	1.0446285956809273e+75	187.9857509589707
1153	38	21.0	1.7437980577745406e+76	184.97474184375073
1154	38	22.0	2.624239688353613e+77	181.96373272853077
1155	38	23.0	3.555303785062559e+78	178.9527236133108
1156	38	24.0	4.3275072261891964e+79	175.94171449809085
1157	38	25.0	4.719618534083286e+80	172.93070538287088
1158	38	26.0	4.595766673309535e+81	169.91969626765092
1159	38	27.0	3.977924376345264e+82	166.90868715243096
1160	38	28.0	3.0434925680514e+83	163.897678037211
1161	38	29.0	2.0438796371748325e+84	160.88666892199103
1162	38	30.0	1.1941465844686513e+85	157.8756598067711
1163	38	31.0	6.001599396703906e+85	154.86465069155113
1164	38	32.0	2.556796328760218e+86	151.85364157633117
1165	38	33.0	9.053458470154627e+86	148.8426324611112
1166	38	34.0	2.592905388362131e+87	145.83162334589124
1167	38	35.0	5.771114440626385e+87	142.8206142306713
1168	39	17.0	2.900940226860761e+72	201.45541357975907
1169	39	18.0	6.905100840271465e+73	198.4444044645391
1170	39	19.0	1.4863352862684985e+75	195.43339534931914
1171	39	20.0	2.8946619836611666e+76	192.42238623409918
1172	39	21.0	5.100505648714379e+77	189.41137711887922
1173	39	22.0	8.127259491340716e+78	186.40036800365928
1174	39	23.0	1.1698933731161399e+80	183.38935888843932
1175	39	24.0	1.5189241635146493e+81	180.37834977321936
1176	39	25.0	1.7748776091679135e+82	177.3673406579994
1177	39	26.0	1.8612476719195754e+83	174.35633154277943
1178	39	27.0	1.7452788464738253e+84	171.3453224275595
1179	39	28.0	1.4566966074542531e+85	168.33431331233953
1180	39	29.0	1.076080757103944e+86	165.32330419711957
1181	39	30.0	6.985615533083517e+86	162.3122950818996
1182	39	31.0	3.94972232291435e+87	159.30128596667964
1183	39	32.0	1.9230370091767088e+88	156.29027685145968
1184	39	33.0	7.944248336821397e+88	153.27926773623972
1185	39	34.0	2.730273879791046e+89	150.26825862101975
1186	39	35.0	7.596074988528816e+89	147.2572495057998
1187	40	16.0	2.3568578539833095e+72	209.0479083912996
1188	40	17.0	6.480026468745285e+73	206.03689927607962
1189	40	18.0	1.6125499641305815e+75	203.02589016085966
1190	40	19.0	3.636330335529919e+76	200.0148810456397
1191	40	20.0	7.435902681927283e+77	197.00387193041973
1192	40	21.0	1.3791943437714678e+79	193.99286281519977
1193	40	22.0	2.319730094355769e+80	190.98185369997984
1194	40	23.0	3.5356005680662692e+81	187.97084458475987
1195	40	24.0	4.877327786834197e+82	184.9598354695399
1196	40	25.0	6.079151785182122e+83	181.94882635431995
1197	40	26.0	6.830334414310209e+84	178.93781723909999
1198	40	27.0	6.897430101687996e+85	175.92680812388005
1199	40	28.0	6.236683402796324e+86	172.9157990086601
1200	40	29.0	5.025948284924276e+87	169.90478989344012
1201	40	30.0	3.588975678028427e+88	166.89378077822016
1202	40	31.0	2.2547058443440965e+89	163.8827716630002
1203	40	32.0	1.2349901417415498e+90	160.87176254778024
1204	40	33.0	5.830698797313101e+90	157.86075343256027
1205	40	34.0	2.3378723756266333e+91	154.8497443173403
1206	40	35.0	7.80521866776034e+91	151.83873520212035
1207	40	36.0	2.111220758164428e+92	148.82772608690038
1208	40	37.0	4.4450124713566695e+92	145.81671697168042
1209	41	19.0	8.248149988987771e+77	204.75671995619587
1210	41	20.0	1.7669745899298083e+79	201.7457108409759
1211	41	21.0	3.44121156162953e+80	198.73470172575594
1212	41	22.0	6.092559194055226e+81	195.723692610536
1213	41	23.0	9.801817035091989e+82	192.71268349531604
1214	41	24.0	1.431689777757735e+84	189.70167438009608
1215	41	25.0	1.8960025016183995e+85	186.69066526487612
1216	41	26.0	2.2723049256951042e+86	183.67965614965615
1217	41	27.0	2.4585280859957595e+87	180.66864703443622
1218	41	28.0	2.394011584075918e+88	177.65763791921626
1219	41	29.0	2.090030727521083e+89	174.6466288039963
1220	41	30.0	1.628147443589922e+90	171.63561968877633
1221	41	31.0	1.1251379988136382e+91	168.62461057355637
1222	41	32.0	6.847576346054103e+91	165.6136014583364
1223	41	33.0	3.637026972360047e+92	162.60259234311644
1224	41	34.0	1.6666279504724296e+93	159.59158322789648
1225	41	35.0	6.491569720115269e+93	156.58057411267652
1226	41	36.0	2.10707281826021e+94	153.56956499745655
1227	41	37.0	5.545349129765161e+94	150.5585558822366
1228	41	38.0	1.1368060023628228e+95	147.54754676701666
1229	42	19.0	1.7300447496951654e+79	209.6745521136461
1230	42	20.0	3.8746836162921094e+80	206.66354299842612
1231	42	21.0	7.905342702414266e+81	203.65253388320616
1232	42	22.0	1.4695974332362976e+83	200.64152476798623
1233	42	23.0	2.4887519517039186e+84	197.63051565276626
1234	42	24.0	3.8371170026480345e+85	194.6195065375463
1235	42	25.0	5.380450096467415e+86	191.60849742232634
1236	42	26.0	6.851335744078893e+87	188.59748830710637
1237	42	27.0	7.907014550347559e+88	185.58647919188644
1238	42	28.0	8.249484956124511e+89	182.57547007666648
1239	42	29.0	7.756002526307037e+90	179.5644609614465
1240	42	30.0	6.545474098866688e+91	176.55345184622655
1241	42	31.0	4.9344838289318086e+92	173.5424427310066
1242	42	32.0	3.3034330242928155e+93	170.53143361578663
1243	42	33.0	1.9495421775783874e+94	167.52042450056666
1244	42	34.0	1.0050259998146517e+95	164.5094153853467
1245	42	35.0	4.4738385648535094e+95	161.49840627012674
1246	42	36.0	1.6941697277659556e+96	158.48739715490677
1247	42	37.0	5.350415539961466e+96	155.4763880396868
1248	43	19.0	3.346084792457744e+80	214.78416874359158
1249	43	20.0	7.81986503232457e+81	211.77315962837162
1250	43	21.0	1.667972429901357e+83	208.76215051315165
1251	43	22.0	3.248403255467223e+84	205.75114139793172
1252	43	23.0	5.77620322891423e+85	202.74013228271176
1253	43	24.0	9.374374258569758e+86	199.7291231674918
1254	43	25.0	1.3875126445940967e+88	196.71811405227183
1255	43	26.0	1.870756125503403e+89	193.70710493705187
1256	43	27.0	2.2939471200373685e+90	190.69609582183193
1257	43	28.0	2.5528566159608423e+91	187.68508670661197
1258	43	29.0	2.571584226339958e+92	184.674077591392
1259	43	30.0	2.33716085308499e+93	181.66306847617204
1260	43	31.0	1.9087600250255605e+94	178.65205936095208
1261	43	32.0	1.394002870201526e+95	175.64105024573212
1262	43	33.0	9.049477038740639e+95	172.63004113051215
1263	43	34.0	5.183530217311073e+96	169.6190320152922
1264	43	35.0	2.5958594172327722e+97	166.60802290007223
1265	43	36.0	1.1234395898888101e+98	163.59701378485227
1266	44	21.0	3.22365546690997e+84	214.07950658615607
1267	44	22.0	6.563490245192007e+85	211.06849747093614
1268	44	23.0	1.22267422813284e+87	208.05748835571617
1269	44	24.0	2.0835305865144928e+88	205.0464792404962
1270	44	25.0	3.2461675834770897e+89	202.03547012527625
1271	44	26.0	4.619896633909477e+90	199.02446101005629
1272	44	27.0	5.998215556596938e+91	196.01345189483635
1273	44	28.0	7.092413178241998e+92	193.0024427796164
1274	44	29.0	7.62073889746728e+93	189.99143366439642
1275	44	30.0	7.420756062815462e+94	186.98042454917646
1276	44	31.0	6.52672879155938e+95	183.9694154339565
1277	44	32.0	5.16380709375308e+96	180.95840631873654
1278	44	33.0	3.6569446338225825e+97	177.94739720351657
1279	44	34.0	2.3041631272650966e+98	174.9363880882966
1280	45	25.0	6.876115148557075e+90	207.57669567687387
1281	45	26.0	1.03010348802123e+92	204.5656865616539
1282	45	27.0	1.4117303898418075e+93	201.55467744643397
1283	45	28.0	1.76745069162798e+94	198.543668331214
1284	45	29.0	2.017805490187578e+95	195.53265921599404
1285	45	30.0	2.0958446892674499e+96	192.52165010077408
1286	45	31.0	1.9750119645523303e+97	189.51064098555412
1287	45	32.0	1.6827858730451832e+98	186.49963187033416
1288	45	33.0	1.2910389327017821e+99	183.4886227551142
