Temperature=305.0
	x	y	K	H
0	0	1.0	1.0	0.0
0	1	0.0	1.0	0.0
1	1	1.0	8.336073454032064	-0.6936632434121712
2	2	0.0	0.9967561030028951	21.9230079644787
3	2	1.0	16.618064180773775	21.22934472106653
4	2	2.0	69.26470183737467	20.535681477654357
5	3	0.0	3.142709179595166	39.354612833129686
6	3	1.0	78.59356369729845	38.66094958971752
7	3	2.0	655.161719994828	37.96728634630534
8	3	3.0	1820.4920740489565	37.27362310289317
9	4	0.0	18.51462437573659	55.03614876348867
10	4	1.0	617.357075079811	54.342485520076494
11	4	2.0	7719.500887847544	53.648822276664326
12	4	3.0	42900.21761970858	52.95515903325216
13	4	4.0	89404.84131796277	52.261495789839984
14	5	0.0	161.66825598914963	70.65214057692441
15	5	1.0	6738.392285554045	69.95847733351223
16	5	2.0	112343.4661089232	69.26481409010006
17	5	3.0	936503.385564545	68.5711508466879
18	5	4.0	3903380.5060078776	67.87748760327572
19	5	5.0	6507773.323423705	67.18382435986355
20	6	0.0	1821.784154325484	87.68948638331655
21	6	1.0	91119.1591670936	86.99582313990437
22	6	2.0	1898940.009716326	86.30215989649221
23	6	3.0	21106271.207727544	85.60849665308004
24	6	4.0	131957570.34625421	84.91483340966786
25	6	5.0	440003199.68879235	84.22117016625569
26	6	6.0	611316498.7691498	83.52750692284351
27	7	0.0	23975.19668942847	107.66989377432346
28	7	1.0	1399013.0047455966	106.97623053091128
29	7	2.0	34986825.51211617	106.28256728749912
30	7	3.0	486087912.32067287	105.58890404408695
31	7	4.0	4052064542.2222247	104.89524080067477
32	7	5.0	20266984598.665997	104.2015775572626
33	7	6.0	56315690768.73847	103.50791431385042
34	7	7.0	67064533551.82284	102.81425107043826
35	8	0.0	339462.45131387486	132.23844333336868
36	8	1.0	22638271.432305988	131.5447800899565
37	8	2.0	660500027.362064	130.85111684654433
38	8	3.0	11011953488.960724	130.15745360313215
39	8	4.0	114745566445.451	129.46379035972
40	8	5.0	765221976331.0403	128.77012711630783
41	8	6.0	3189473301667.561	128.07646387289566
42	8	7.0	7596481063535.698	127.38280062948348
43	8	8.0	7915603017224.658	126.68913738607131
44	9	0.0	4803295.539700352	163.20438153988496
45	9	1.0	360365619.9633005	162.5107182964728
46	9	2.0	12016137113.287504	161.8170550530606
47	9	3.0	233723937090.1994	161.12339180964844
48	9	4.0	2922509861324.204	160.4297285662363
49	9	5.0	24362256874131.7	159.73606532282412
50	9	6.0	135390375205839.17	159.04240207941194
51	9	7.0	483696048293502.7	158.34873883599977
52	9	8.0	1008031446999915.5	157.6550755925876
53	9	9.0	933669354018395.6	156.96141234917542
54	10	1.0	221328122.75718793	95.0251096599879
55	10	2.0	19213216915.158936	90.95079235365719
56	10	3.0	988370534993.5321	86.87647504732648
57	10	4.0	33366358386745.945	82.80215774099577
58	10	5.0	772397799691917.9	78.72784043466507
59	10	6.0	1.2416830525446242e+16	74.65352312833436
60	10	7.0	1.3687485640243872e+17	70.57920582200364
61	10	8.0	9.901612266629842e+17	66.50488851567293
62	10	9.0	4.2446743199755996e+18	62.43057120934222
63	10	10.0	8.188330161666395e+18	58.356253903011506
64	11	0.0	13699384.917768154	104.54688431483648
65	11	1.0	2906997948.2193065	100.47256700850576
66	11	2.0	280392053487.90344	96.39824970217505
67	11	3.0	16226988472555.691	92.32393239584434
68	11	4.0	626064235446946.8	88.24961508951364
69	11	5.0	1.6908220480841076e+16	84.17529778318291
70	11	6.0	3.26173650335965e+17	80.10098047685221
71	11	7.0	4.494400912183461e+18	76.0266631705215
72	11	8.0	4.335036774748887e+19	71.95234586419079
73	11	9.0	2.7875489534073464e+20	67.87802855786008
74	11	10.0	1.0754828027625161e+21	63.803711251529364
75	11	11.0	1.8860871526319147e+21	59.72939394519866
76	12	1.0	41089249901.867645	105.56748505694233
77	12	2.0	4359552121339.294	101.49316775061162
78	12	3.0	280331300162228.0	97.4188504442809
79	12	4.0	1.2167604394391102e+16	93.34453313795021
80	12	5.0	3.755571506212142e+17	89.27021583161948
81	12	6.0	8.452278464853651e+18	85.19589852528878
82	12	7.0	1.3975841887904337e+20	81.12158121895807
83	12	8.0	1.685035161691524e+21	77.04726391262736
84	12	9.0	1.4446991634267233e+22	72.97294660629665
85	12	10.0	8.36083490228001e+22	68.89862929996593
86	12	11.0	2.9324993861289987e+23	64.82431199363523
87	13	0.0	2470593682.886942	114.48186110296172
88	13	1.0	619577518074.4253	110.407543796631
89	13	2.0	71712996988212.61	106.33322649030029
90	13	3.0	5072479199048001.0	102.25890918396958
91	13	4.0	2.446308673466646e+17	98.18459187763887
92	13	5.0	8.494439585757112e+18	94.11027457130817
93	13	6.0	2.1848641575531935e+20	90.03595726497745
94	13	7.0	4.214784864940934e+21	85.96163995864674
95	13	8.0	6.098003185800773e+22	81.88732265231603
96	13	9.0	6.535308803479328e+23	77.81300534598532
97	13	10.0	5.042861916590212e+24	73.7386880396546
98	13	11.0	2.6531183154988603e+25	69.66437073332389
99	13	12.0	8.530143535014366e+25	65.5900534269932
100	13	13.0	1.2657966978743217e+26	61.515736120662474
101	14	0.0	36630717344.30012	119.157263959242
102	14	1.0	9892918492407.377	115.08294665291129
103	14	2.0	1240477122663886.5	111.00862934658058
104	14	3.0	9.571934591602946e+16	106.93431204024986
105	14	4.0	5.077891158125933e+18	102.85999473391917
106	14	5.0	1.9591349627021738e+20	98.78567742758844
107	14	6.0	5.669001681839886e+21	94.71136012125774
108	14	7.0	1.2498258546041124e+23	90.63704281492703
109	14	8.0	2.1096408638899183e+24	86.56272550859632
110	14	9.0	2.7131152457374085e+25	82.4884082022656
111	14	10.0	2.6169125972986695e+26	78.41409089593489
112	14	11.0	1.8357244640816472e+27	74.33977358960419
113	14	12.0	8.853163319862815e+27	70.26545628327347
114	14	13.0	2.627459866302371e+28	66.19113897694277
115	15	1.0	166197894083080.34	119.67895246619203
116	15	2.0	2.244267023656181e+16	115.60463515986132
117	15	3.0	1.8760637737192737e+18	111.5303178535306
118	15	4.0	1.085724964428625e+20	107.45600054719989
119	15	5.0	4.6077984710552663e+21	103.3816832408692
120	15	6.0	1.481471146948487e+23	99.30736593453848
121	15	7.0	3.6744186666363144e+24	95.23304862820777
122	15	8.0	7.088259528655908e+25	91.15873132187706
123	15	9.0	1.0635211049015418e+27	87.08441401554634
124	15	10.0	1.2309724540964247e+28	83.01009670921563
125	15	11.0	1.0793856140476611e+29	78.93577940288492
126	15	12.0	6.94074905266712e+29	74.86146209655422
127	15	13.0	3.089834489505651e+30	70.7871447902235
128	15	14.0	8.515068543290516e+30	66.7128274838928
129	16	2.0	4.226276642365648e+17	120.20336397552961
130	16	3.0	3.804658437917462e+19	116.1290466691989
131	16	4.0	2.3853384395155817e+21	112.05472936286819
132	16	5.0	1.1043639469713603e+23	107.98041205653749
133	16	6.0	3.9057516659857047e+24	103.90609475020678
134	16	7.0	1.076360020638526e+26	99.83177744387606
135	16	8.0	2.3359366059889154e+27	95.75746013754535
136	16	9.0	4.005525507375562e+28	91.68314283121464
137	16	10.0	5.408894533960157e+29	87.60882552488393
138	16	11.0	5.691386118442283e+30	83.53450821855321
139	16	12.0	4.574649029021176e+31	79.46019091222252
140	16	13.0	2.7153473378730186e+32	75.38587360589179
141	16	14.0	1.1224566613208617e+33	71.31155629956109
142	16	15.0	2.887083135936087e+33	67.23723899323038
143	16	16.0	3.4808898367613306e+33	63.162921686899665
144	17	2.0	8.247763437257112e+18	124.88511719843257
145	17	3.0	7.955311176850133e+20	120.81079989210185
146	17	4.0	5.371260158147181e+22	116.73648258577114
147	17	5.0	2.694018090281961e+24	112.66216527944044
148	17	6.0	1.0393970383507604e+26	108.58784797310973
149	17	7.0	3.1508453805020604e+27	104.51353066677902
150	17	8.0	7.5978038357665625e+28	100.4392133604483
151	17	9.0	1.4656796168802185e+30	96.3648960541176
152	17	10.0	2.261934407124832e+31	92.29057874778688
153	17	11.0	2.7767471409966918e+32	88.21626144145617
154	17	12.0	2.678288209173555e+33	84.14194413512547
155	17	13.0	1.987169592874775e+34	80.06762682879474
156	17	14.0	1.0952615972112251e+35	75.99330952246405
157	17	15.0	4.2257016182155665e+35	71.91899221613333
158	17	16.0	1.0189662800453788e+36	67.84467490980262
159	17	17.0	1.1562769354018581e+36	63.77035760347191
160	18	3.0	1.7092792807622326e+22	125.65504622628178
161	18	4.0	1.2365032657079072e+24	121.58072891995107
162	18	5.0	6.678889691548604e+25	117.50641161362037
163	18	6.0	2.791562427043256e+27	113.43209430728966
164	18	7.0	9.231696580466685e+28	109.35777700095895
165	18	8.0	2.4486978045992982e+30	105.28345969462823
166	18	9.0	5.248602151183279e+31	101.20914238829752
167	18	10.0	9.112491478788358e+32	97.13482508196681
168	18	11.0	1.2784548902103016e+34	93.0605077756361
169	18	12.0	1.4386434553219853e+35	88.9861904693054
170	18	13.0	1.2808906164521976e+36	84.91187316297467
171	18	14.0	8.824802293288275e+36	80.83755585664397
172	18	15.0	4.539674226520419e+37	76.76323855031326
173	18	16.0	1.642014289156821e+38	72.68892124398255
174	18	17.0	3.726567379771898e+38	68.61460393765184
175	18	18.0	3.993810410019285e+38	64.54028663132112
176	19	4.0	2.902750417546148e+25	126.66685452349344
177	19	5.0	1.6798941688359877e+27	122.59253721716274
178	19	6.0	7.561530000426842e+28	118.51821991083203
179	19	7.0	2.708981028071479e+30	114.44390260450132
180	19	8.0	7.83877491677628e+31	110.3695852981706
181	19	9.0	1.8482015990259292e+33	106.29526799183989
182	19	10.0	3.565334760060259e+34	102.22095068550918
183	19	11.0	5.627313483449354e+35	98.14663337917847
184	19	12.0	7.237037481507145e+36	94.07231607284777
185	19	13.0	7.517379603540607e+37	89.99799876651704
186	19	14.0	6.2149933409854054e+38	85.92368146018634
187	19	15.0	3.996413198617224e+39	81.84936415385563
188	19	16.0	1.9273534472785675e+40	77.77504684752492
189	19	17.0	6.561221056371703e+40	73.7007295411942
190	20	5.0	4.278910555933302e+28	128.00042586711547
191	20	6.0	2.0635936778079467e+30	123.92610856078475
192	20	7.0	7.961688025815796e+31	119.85179125445404
193	20	8.0	2.4957983484326258e+33	115.77747394812333
194	20	9.0	6.419470408753042e+34	111.70315664179262
195	20	10.0	1.36220621720729e+36	107.6288393354619
196	20	11.0	2.3889174600565995e+37	103.55452202913119
197	20	12.0	3.456315505736897e+38	99.4802047228005
198	20	13.0	4.103089460115328e+39	95.40588741646977
199	20	14.0	3.957600589539583e+40	91.33157011013907
200	20	15.0	3.053816413914374e+41	87.25725280380836
201	20	16.0	1.8409581605419824e+42	83.18293549747764
202	20	17.0	8.356144856843487e+42	79.10861819114693
203	21	5.0	1.1015832291054624e+30	133.810914204046
204	21	6.0	5.666788702270069e+31	129.73659689771526
205	21	7.0	2.3425086869893202e+33	125.66227959138456
206	21	8.0	7.908065002632089e+34	121.58796228505385
207	21	9.0	2.2035456142655926e+36	117.51364497872314
208	21	10.0	5.10098754035918e+37	113.43932767239242
209	21	11.0	9.840229657772155e+38	109.36501036606171
210	21	12.0	1.581885189739829e+40	105.29069305973101
211	21	13.0	2.1126380080625807e+41	101.21637575340029
212	21	14.0	2.3288312052846328e+42	97.14205844706959
213	21	15.0	2.0965043335904533e+43	93.06774114073887
214	21	16.0	1.5166242779818538e+44	88.99342383440816
215	21	17.0	8.604983828428658e+44	84.91910652807745
216	21	18.0	3.688828939851845e+45	80.84478922174674
217	21	19.0	1.1235881282279122e+46	76.77047191541602
218	21	20.0	2.1674950458182125e+46	72.69615460908531
219	21	21.0	1.9910849534789175e+46	68.62183730275461
220	22	6.0	1.563554152970286e+33	136.0318362974609
221	22	7.0	6.89423117201011e+34	131.9575189911302
222	22	8.0	2.493664860588012e+36	127.88320168479949
223	22	9.0	7.482979981376527e+37	123.80888437846878
224	22	10.0	1.8765878811947093e+39	119.73456707213806
225	22	11.0	3.949193740055693e+40	115.66024976580735
226	22	12.0	6.983463228686389e+41	111.58593245947665
227	22	13.0	1.0362832299729888e+43	107.51161515314593
228	22	14.0	1.2851206896530256e+44	103.43729784681523
229	22	15.0	1.3221892296041765e+45	99.36298054048451
230	22	16.0	1.1158932335623876e+46	95.2886632341538
231	22	17.0	7.597591600077631e+46	91.21434592782309
232	22	18.0	4.071218541246731e+47	87.14002862149238
233	22	19.0	1.6534146364437162e+48	83.06571131516166
234	23	5.0	7.477943219160334e+32	146.96990118824726
235	23	6.0	4.327672518043542e+34	142.89558388191654
236	23	7.0	2.0274784304358677e+36	138.82126657558584
237	23	8.0	7.8223493877671e+37	134.74694926925514
238	23	9.0	2.5149938722630842e+39	130.6726319629244
239	23	10.0	6.792285598270916e+40	126.5983146565937
240	23	11.0	1.5485227046215206e+42	122.52399735026299
241	23	12.0	2.9872292224177964e+43	118.44968004393229
242	23	13.0	4.8760578963412606e+44	114.37536273760156
243	23	14.0	6.718801176797397e+45	110.30104543127086
244	23	15.0	7.776676113967588e+46	106.22672812494015
245	23	16.0	7.500927842901825e+47	102.15241081860944
246	23	17.0	5.958200011223505e+48	98.07809351227873
247	23	18.0	3.8312879609746895e+49	94.00377620594801
248	23	19.0	1.9449666994437085e+50	89.9294588996173
249	23	20.0	7.50400539025713e+50	85.85514159328659
250	23	21.0	2.0679787368638282e+51	81.78082428695589
251	24	5.0	1.9636379283168763e+34	154.48775631901933
252	24	6.0	1.1995399992089802e+36	150.4134390126886
253	24	7.0	5.950317930321036e+37	146.3391217063579
254	24	8.0	2.439214972182921e+39	142.26480440002717
255	24	9.0	8.365242245017701e+40	138.19048709369648
256	24	10.0	2.4205873132188543e+42	134.11616978736578
257	24	11.0	5.943018400835875e+43	130.04185248103505
258	24	12.0	1.2419958733555227e+45	125.96753517470435
259	24	13.0	2.211612410244362e+46	121.89321786837363
260	24	14.0	3.3521592274962562e+47	117.81890056204293
261	24	15.0	4.31106282682141e+48	113.74458325571221
262	24	16.0	4.6779745042538e+49	109.6702659493815
263	24	17.0	4.246683431703552e+50	105.59594864305079
264	24	18.0	3.185857852124086e+51	101.52163133672008
265	24	19.0	1.94077422360066e+52	97.44731403038936
266	24	20.0	9.359787650437063e+52	93.37299672405865
267	24	21.0	3.4392018370695927e+53	89.29867941772795
268	24	22.0	9.047054564996252e+53	85.22436211139724
269	24	23.0	1.5176105639662765e+54	81.15004480506653
270	25	7.0	1.740258554539627e+39	154.59872001320014
271	25	8.0	7.553483190545939e+40	150.5244027068694
272	25	9.0	2.752356280232547e+42	146.4500854005387
273	25	10.0	8.495239067560591e+43	142.375768094208
274	25	11.0	2.234730470265e+45	138.3014507878773
275	25	12.0	5.029477989522845e+46	134.2271334815466
276	25	13.0	9.702281780545069e+47	130.15281617521586
277	25	14.0	1.6042722288509178e+49	126.07849886888516
278	25	15.0	2.269501443871965e+50	122.00418156255445
279	25	16.0	2.736285773055028e+51	117.92986425622374
280	25	17.0	2.794512214005521e+52	113.85554694989303
281	25	18.0	2.395931876998216e+53	109.78122964356231
282	25	19.0	1.7028244463244108e+54	105.7069123372316
283	25	20.0	9.854670386542854e+54	101.63259503090089
284	25	21.0	4.526304677373118e+55	97.55827772457019
285	25	22.0	1.587567012501314e+56	93.48396041823948
286	25	23.0	3.994629056120982e+56	89.40964311190876
287	26	7.0	5.064008593967685e+40	163.68989397057445
288	26	8.0	2.3201123704646728e+42	159.61557666424375
289	26	9.0	8.951379855988825e+43	155.54125935791302
290	26	10.0	2.9355526910806566e+45	151.4669420515823
291	26	11.0	8.236982612533984e+46	147.3926247452516
292	26	12.0	1.9862281556539317e+48	143.3183074389209
293	26	13.0	4.1263379009559213e+49	139.24399013259017
294	26	14.0	7.391474402978538e+50	135.16967282625947
295	26	15.0	1.1407015611683967e+52	131.09535551992877
296	26	16.0	1.5128494444056108e+53	127.02103821359805
297	26	17.0	1.716713254950722e+54	122.94672090726733
298	26	18.0	1.6558413985135068e+55	118.87240360093662
299	26	19.0	1.3449498601926258e+56	114.79808629460591
300	26	20.0	9.080820898345327e+56	110.7237689882752
301	26	21.0	5.0050455868351606e+57	106.6494516819445
302	26	22.0	2.1943521912714926e+58	102.57513437561379
303	26	23.0	7.361892299004838e+58	98.50081706928307
304	27	9.0	2.874770088894936e+45	165.55617223771952
305	27	10.0	9.982207522673277e+46	161.4818549313888
306	27	11.0	2.97600599801324e+48	157.4075376250581
307	27	12.0	7.654617790942719e+49	153.3332203187274
308	27	13.0	1.7038148098258845e+51	149.25890301239667
309	27	14.0	3.2868006224965803e+52	145.18458570606597
310	27	15.0	5.4951104430152415e+53	141.11026839973528
311	27	16.0	7.950394162835611e+54	137.03595109340455
312	27	17.0	9.923923230486268e+55	132.96163378707382
313	27	18.0	1.0635596748172544e+57	128.88731648074312
314	27	19.0	9.718556027712672e+57	124.81299917441241
315	27	20.0	7.499161485729457e+58	120.7386818680817
316	27	21.0	4.822168954308061e+59	116.664364561751
317	27	22.0	2.5370087431931005e+60	112.59004725542029
318	27	23.0	1.0639350193711761e+61	108.51572994908958
319	27	24.0	3.4206987205009604e+61	104.44141264275886
320	27	25.0	7.91857515434908e+61	100.36709533642815
321	28	8.0	2.1241555984292114e+45	180.66374797824437
322	28	10.0	3.337562114534272e+48	172.51511336558298
323	28	11.0	1.0535621226575117e+50	168.44079605925225
324	28	12.0	2.8792461554766224e+51	164.36647875292155
325	28	13.0	6.836068370497322e+52	160.29216144659082
326	28	14.0	1.4129298253460332e+54	156.21784414026013
327	28	15.0	2.543948651302206e+55	152.1435268339294
328	28	16.0	3.987334609086733e+56	148.0692095275987
329	28	17.0	5.4295767769798884e+57	143.994892221268
330	28	18.0	6.400842343215937e+58	139.92057491493728
331	28	19.0	6.4988198917719e+59	135.84625760860655
332	28	20.0	5.641544089277154e+60	131.77194030227585
333	28	21.0	4.145907903123292e+61	127.69762299594515
334	28	22.0	2.544755029272976e+62	123.62330568961444
335	28	23.0	1.2806202573619468e+63	119.54898838328373
336	28	24.0	5.1467147852633685e+63	115.47467107695302
337	28	25.0	1.588550611248102e+64	111.4003537706223
338	28	26.0	3.535899677192381e+64	107.32603646429159
339	29	10.0	1.096080833061612e+50	184.66386257387052
340	29	11.0	3.652199316557607e+51	180.5895452675398
341	29	12.0	1.0568094828660078e+53	176.5152279612091
342	29	13.0	2.66595762655716e+54	172.44091065487837
343	29	14.0	5.877547681144491e+55	168.36659334854767
344	29	15.0	1.133827882333833e+57	164.29227604221694
345	29	16.0	1.913842336016383e+58	160.21795873588624
346	29	17.0	2.8232644522276697e+59	156.14364142955554
347	29	18.0	3.630874789732459e+60	152.06932412322482
348	29	19.0	4.05509775855692e+61	147.9950068168941
349	29	20.0	3.9113105955662487e+62	143.9206895105634
350	29	21.0	3.2336759067642484e+63	139.8463722042327
351	29	22.0	2.2683745636312668e+64	135.77205489790197
352	29	23.0	1.3317905972862297e+65	131.69773759157127
353	29	24.0	6.422837357310538e+65	127.62342028524056
354	29	25.0	2.4780376015583683e+66	123.54910297890984
355	29	26.0	7.354370534060704e+66	119.47478567257913
356	29	27.0	1.5763547847010598e+67	115.40046836624842
357	29	28.0	2.1720854443599678e+67	111.32615105991772
358	30	10.0	3.5312368572499674e+51	198.02786742992373
359	30	12.0	3.783018434024553e+54	189.87923281726233
360	30	13.0	1.0104587337638745e+56	185.8049155109316
361	30	14.0	2.3669573876143278e+57	181.7305982046009
362	30	15.0	4.870461723996926e+58	177.6562808982702
363	30	16.0	8.80830577982252e+59	173.58196359193948
364	30	17.0	1.3993374871846466e+61	169.50764628560876
365	30	18.0	1.9495944847044198e+62	165.43332897927806
366	30	19.0	2.375324259910571e+63	161.35901167294736
367	30	20.0	2.5202090427284224e+64	157.28469436661663
368	30	21.0	2.3150919372477057e+65	153.21037706028594
369	30	22.0	1.8270020840454068e+66	149.13605975395524
370	30	23.0	1.2258918715328475e+67	145.0617424476245
371	30	24.0	6.897471828759392e+67	140.98742514129378
372	30	25.0	3.19339138075499e+68	136.91310783496309
373	30	26.0	1.1846765087210007e+69	132.8387905286324
374	30	27.0	3.3856883226943485e+69	128.76447322230166
375	31	12.0	1.319617271242278e+56	204.56094725981202
376	31	13.0	3.720567698920614e+57	200.4866299534813
377	31	14.0	9.227937669631495e+58	196.4123126471506
378	31	15.0	2.017498806145001e+60	192.33799534081987
379	31	16.0	3.89192316775386e+61	188.26367803448917
380	31	17.0	6.624568076525825e+62	184.18936072815848
381	31	18.0	9.939489280492224e+63	180.11504342182775
382	31	19.0	1.311912266268437e+65	176.04072611549702
383	31	20.0	1.5184727924295592e+66	171.96640880916632
384	31	21.0	1.5343745161574552e+67	167.89209150283563
385	31	22.0	1.3454255404255715e+68	163.8177741965049
386	31	23.0	1.0156061283038536e+69	159.7434568901742
387	31	24.0	6.530629259059902e+69	155.6691395838435
388	31	25.0	3.5274757169919944e+70	151.59482227751278
389	31	26.0	1.5703371564871043e+71	147.52050497118205
390	31	27.0	5.60983540050032e+71	143.44618766485135
391	31	28.0	1.545977077868693e+72	139.37187035852065
392	32	12.0	4.480946393406861e+57	220.6655740450618
393	32	13.0	1.3298644096301623e+59	216.59125673873106
394	32	14.0	3.481640297484123e+60	212.51693943240036
395	32	15.0	8.059648805317906e+61	208.44262212606964
396	32	16.0	1.6519466914776436e+63	204.36830481973894
397	32	17.0	2.999287250657881e+64	200.29398751340824
398	32	18.0	4.821562348236252e+65	196.2196702070775
399	32	19.0	6.853512251225218e+66	192.1453529007468
400	32	20.0	8.593647227626584e+67	188.0710355944161
401	32	21.0	9.473063418592066e+68	183.9967182880854
402	32	22.0	9.137164016187821e+69	179.92240098175466
403	32	23.0	7.663630486606524e+70	175.84808367542396
404	32	24.0	5.543917972048261e+71	171.77376636909327
405	32	25.0	3.4222973880050384e+72	167.69944906276254
406	32	26.0	1.777433697668321e+73	163.6251317564318
407	32	27.0	7.619594636500628e+73	159.55081445010111
408	32	28.0	2.6247915067237175e+74	155.47649714377042
409	32	29.0	6.984057032385135e+74	151.4021798374397
410	33	12.0	1.479321460216293e+59	238.30111644335378
411	33	13.0	4.609878420773668e+60	234.22679913702305
412	33	14.0	1.270405611123981e+62	230.15248183069235
413	33	15.0	3.1042430455983855e+63	226.07816452436163
414	33	16.0	6.736886195195322e+64	222.00384721803093
415	33	17.0	1.2996014362804732e+66	217.92952991170023
416	33	18.0	2.228479441221687e+67	213.8552126053695
417	33	19.0	3.39388608821909e+68	209.78089529903878
418	33	20.0	4.5829621800309276e+69	205.70657799270808
419	33	21.0	5.4729477576504985e+70	201.63226068637738
420	33	22.0	5.75878466464491e+71	197.55794338004665
421	33	23.0	5.313083732320587e+72	193.48362607371595
422	33	24.0	4.270575362723868e+73	189.40930876738526
423	33	25.0	2.965786354644558e+74	185.33499146105453
424	33	26.0	1.7603842462439856e+75	181.2606741547238
425	33	27.0	8.804257194815625e+75	177.1863568483931
426	33	28.0	3.6394596737093624e+76	173.1120395420624
427	33	29.0	1.2104863311590585e+77	169.03772223573168
428	33	30.0	3.1135052188633314e+77	164.96340492940098
429	34	14.0	4.47902056698802e+63	249.4297885639524
430	34	15.0	1.152053811079443e+65	245.35547125762167
431	34	16.0	2.6391091651289925e+66	241.28115395129097
432	34	17.0	5.390535497915244e+67	237.20683664496028
433	34	18.0	9.821081120610358e+68	233.13251933862955
434	34	19.0	1.5954259498480122e+70	229.05820203229882
435	34	20.0	2.308282115608859e+71	224.98388472596812
436	34	21.0	2.968578920951502e+72	220.90956741963743
437	34	22.0	3.3839212096178147e+73	216.8352501133067
438	34	23.0	3.4058429990342836e+74	212.760932806976
439	34	24.0	3.0113209064920967e+75	208.6866155006453
440	34	25.0	2.3236354967489675e+76	204.61229819431458
441	34	26.0	1.5516298841266138e+77	200.53798088798385
442	34	27.0	8.868809571488543e+77	196.46366358165315
443	34	28.0	4.277168013252413e+78	192.38934627532245
444	34	29.0	1.707106179583786e+79	188.31502896899173
445	34	30.0	5.4885832479813724e+79	184.24071166266103
446	34	31.0	1.3661850384249272e+80	180.16639435633033
447	35	13.0	5.02767440970222e+63	274.53691034621096
448	35	14.0	1.5240975396288324e+65	270.46259303988023
449	35	15.0	4.116155463816754e+66	266.3882757335495
450	35	16.0	9.925508235067766e+67	262.31395842721884
451	35	17.0	2.139973548810004e+69	258.2396411208881
452	35	18.0	4.128187143222401e+70	254.16532381455738
453	35	19.0	7.125341257311486e+71	250.09100650822666
454	35	20.0	1.099630121535361e+73	246.01668920189596
455	35	21.0	1.5151986115991464e+74	241.94237189556526
456	35	22.0	1.8600554461471405e+75	237.86805458923453
457	35	23.0	2.0281140710839824e+76	233.79373728290383
458	35	24.0	1.9562004488076655e+77	229.71941997657314
459	35	25.0	1.660416354493062e+78	225.6451026702424
460	35	26.0	1.231954380361041e+79	221.57078536391168
461	35	27.0	7.921808561404749e+79	217.49646805758098
462	35	28.0	4.3662366457680634e+80	213.42215075125029
463	35	29.0	2.0330978642468257e+81	209.34783344491956
464	35	30.0	7.84403009912315e+81	205.27351613858886
465	35	31.0	2.4406108275569873e+82	201.19919883225816
466	35	32.0	5.8851768550670104e+82	197.12488152592744
467	36	14.0	4.9986712312640226e+66	293.3675477484985
468	36	15.0	1.414285103585002e+68	289.2932304421678
469	36	16.0	3.580859249377789e+69	285.21891313583706
470	36	17.0	8.12679485093726e+70	281.1445958295064
471	36	18.0	1.6548222983621253e+72	277.07027852317566
472	36	19.0	3.024274726343674e+73	272.99596121684493
473	36	20.0	4.958966078031994e+74	268.92164391051426
474	36	21.0	7.288577853467372e+75	264.84732660418354
475	36	22.0	9.58655011619293e+76	260.7730092978528
476	36	23.0	1.1256762890799504e+78	256.6986919915221
477	36	24.0	1.1762417777259916e+79	252.6243746851914
478	36	25.0	1.0891527933502288e+80	248.55005737886069
479	36	26.0	8.88912715248421e+80	244.47574007252996
480	36	27.0	6.351061614195986e+81	240.40142276619926
481	36	28.0	3.9380549861243124e+82	236.32710545986856
482	36	29.0	2.0956788795838723e+83	232.25278815353784
483	36	30.0	9.433057756378938e+83	228.17847084720714
484	36	31.0	3.5220297637199563e+84	224.10415354087644
485	36	32.0	1.0616076011722068e+85	220.0298362345457
486	36	33.0	2.4823387258437574e+85	215.955518928215
487	37	16.0	1.2379372589854007e+71	310.11561992230713
488	37	17.0	2.9499861663222876e+72	306.04130261597646
489	37	18.0	6.323076579494038e+73	301.96698530964574
490	37	19.0	1.2197741161610727e+75	297.892668003315
491	37	20.0	2.1177412422197068e+76	293.81835069698434
492	37	21.0	3.30714694942307e+77	289.7440333906536
493	37	22.0	4.639826769633638e+78	285.6697160843229
494	37	23.0	5.837355741016778e+79	281.59539877799216
495	37	24.0	6.568768047668937e+80	277.5210814716615
496	37	25.0	6.5892842387998156e+81	273.44676416533076
497	37	26.0	5.866743646170427e+82	269.37244685900004
498	37	27.0	4.6108076423702016e+83	265.29812955266937
499	37	28.0	3.1766542227470207e+84	261.22381224633864
500	37	29.0	1.9018025609177088e+85	257.1494949400079
501	37	30.0	9.783294608531831e+85	253.0751776336772
502	37	31.0	4.261597702793654e+86	249.00086032734652
503	37	32.0	1.5414331455207536e+87	244.9265430210158
504	37	33.0	4.505383140390551e+87	240.8522257146851
505	37	34.0	1.0225010802418156e+88	236.77790840835436
506	38	16.0	4.095752490193246e+72	337.1266567281624
507	38	17.0	1.0224885068906219e+74	333.0523394218317
508	38	18.0	2.301209702186943e+75	328.97802211550095
509	38	19.0	4.6728685337990055e+76	324.9037048091702
510	38	20.0	8.563634827742689e+77	320.8293875028395
511	38	21.0	1.4159969626645809e+79	316.7550701965088
512	38	22.0	2.1107632978410492e+80	312.6807528901781
513	38	23.0	2.832583051929244e+81	308.60643558384743
514	38	24.0	3.415180337038004e+82	304.5321182775167
515	38	25.0	3.68937363618902e+83	300.457800971186
516	38	26.0	3.5585544550138242e+84	296.38348366485525
517	38	27.0	3.0509990301959258e+85	292.3091663585245
518	38	28.0	2.3122122359187134e+86	288.23484905219385
519	38	29.0	1.53808617610844e+87	284.1605317458631
520	38	30.0	8.901288870009164e+87	280.08621443953245
521	38	31.0	4.4313102771566604e+88	276.0118971332017
522	38	32.0	1.8699551635187842e+89	271.937579826871
523	38	33.0	6.558725812911521e+89	267.8632625205403
524	38	34.0	1.860636492985048e+90	263.78894521420955
525	38	35.0	4.102083092340705e+90	259.7146279078789
526	39	16.0	1.2949672249250909e+74	366.37760129478045
527	39	17.0	3.379781800724203e+75	362.3032839884497
528	39	18.0	7.968742813483149e+76	358.228966682119
529	39	19.0	1.699051237584248e+78	354.15464937578827
530	39	20.0	3.2776112950421975e+79	350.08033206945754
531	39	21.0	5.720615065050946e+80	346.00601476312687
532	39	22.0	9.029080424594018e+81	341.93169745679614
533	39	23.0	1.2874061470834344e+83	337.8573801504655
534	39	24.0	1.6556757621141987e+84	333.78306284413475
535	39	25.0	1.916361834931623e+85	329.708745537804
536	39	26.0	1.9905962084251526e+86	325.6344282314733
537	39	27.0	1.8489013192603452e+87	321.56011092514257
538	39	28.0	1.5285791051353277e+88	317.4857936188119
539	39	29.0	1.1184937911804214e+89	313.41147631248117
540	39	30.0	7.19222548504956e+89	309.3371590061505
541	39	31.0	4.0280521247630195e+90	305.2628416998198
542	39	32.0	1.9426119779520922e+91	301.18852439348905
543	39	33.0	7.949158087658018e+91	297.1142070871583
544	39	34.0	2.7061037247119354e+92	293.0398897808276
545	39	35.0	7.457570552545103e+92	288.9655724744969
546	39	36.0	1.5984749433421505e+93	284.8912551681662
547	39	37.0	2.500209121442184e+93	280.8169378618355
548	40	17.0	1.0638527138870201e+77	393.9227349366665
549	40	18.0	2.6223328076605176e+78	389.84841763033575
550	40	19.0	5.857440152222003e+79	385.774100324005
551	40	20.0	1.1864464212253598e+81	381.69978301767435
552	40	21.0	2.1797656441877125e+82	377.6254657113436
553	40	22.0	3.631547216148887e+83	373.5511484050129
554	40	23.0	5.482609772338794e+84	369.47683109868217
555	40	24.0	7.491624257127998e+85	365.4025137923515
556	40	25.0	9.249258829712423e+86	361.3281964860208
557	40	26.0	1.029380212335577e+88	357.25387917969005
558	40	27.0	1.0296534020902904e+89	353.1795618733594
559	40	28.0	9.222047428213557e+89	349.10524456702865
560	40	29.0	7.361419567498806e+90	345.0309272606979
561	40	30.0	5.2069567860537135e+91	340.9566099543672
562	40	31.0	3.2402106952864133e+92	336.8822926480365
563	40	32.0	1.7579914315626153e+93	332.8079753417058
564	40	33.0	8.221362027647174e+93	328.73365803537513
565	40	34.0	3.2652306722130024e+94	324.6593407290444
566	40	35.0	1.0798117405180452e+95	320.5850234227137
567	40	36.0	2.893120485054833e+95	316.51070611638295
568	41	18.0	8.188854615231906e+79	423.968013264807
569	41	19.0	1.912266282227917e+81	419.89369595847626
570	41	20.0	4.057812954562293e+82	415.8193786521456
571	41	21.0	7.827859030285683e+83	411.74506134581486
572	41	22.0	1.372781072064751e+85	407.67074403948413
573	41	23.0	2.1876508977707894e+86	403.5964267331534
574	41	24.0	3.165120539127074e+87	399.52210942682274
575	41	25.0	4.151931105912155e+88	395.447792120492
576	41	26.0	4.928874326292672e+89	391.3734748141613
577	41	27.0	5.282338299013712e+90	387.2991575078306
578	41	28.0	5.095035184959599e+91	383.2248402014999
579	41	29.0	4.4059900652486545e+92	379.15052289516916
580	41	30.0	3.399808665978835e+93	375.07620558883843
581	41	31.0	2.327214636009974e+94	371.00188828250776
582	41	32.0	1.4029346217324673e+95	366.92757097617704
583	41	33.0	7.38103006176003e+95	362.85325366984637
584	41	34.0	3.350263884901451e+96	358.77893636351564
585	41	35.0	1.2925875933133044e+97	354.7046190571849
586	41	36.0	4.155848473899663e+97	350.6303017508542
587	42	20.0	1.3096334349564722e+84	452.5738137853849
588	42	21.0	2.646696309770236e+85	448.4994964790542
589	42	22.0	4.873620376496278e+86	444.42517917272346
590	42	23.0	8.175321277213235e+87	440.35086186639273
591	42	24.0	1.2485276354902138e+89	436.27654456006206
592	42	25.0	1.7341299053304832e+90	432.20222725373134
593	42	26.0	2.187299092935404e+91	428.1279099474006
594	42	27.0	2.5004338121590672e+92	424.05359264106994
595	42	28.0	2.584041965371903e+93	419.9792753347392
596	42	29.0	2.4064706643941577e+94	415.9049580284085
597	42	30.0	2.011655648993615e+95	411.83064072207776
598	42	31.0	1.5021875733389901e+96	407.7563234157471
599	42	32.0	9.961341831561851e+96	403.68200610941636
600	42	33.0	5.823108407134021e+97	399.6076888030857
601	43	20.0	3.982834812073948e+85	492.1008548320891
602	43	21.0	8.414955184404274e+86	488.0265375257584
603	43	22.0	1.6233149153813988e+88	483.95222021942766
604	43	23.0	2.8592044392508815e+89	479.87790291309693
605	43	24.0	4.596369509848759e+90	475.80358560676626
606	43	25.0	6.738752392627334e+91	471.72926830043554
607	43	26.0	8.999733055171364e+92	467.6549509941048
608	43	27.0	1.0931147555792615e+94	463.58063368777414
609	43	28.0	1.2049767844916556e+95	459.5063163814434
610	43	29.0	1.202327865474994e+96	455.4319990751127
611	43	30.0	1.0823822588107097e+97	451.35768176878196
612	43	31.0	8.756152067584787e+97	447.2833644624513
613	44	21.0	2.5121949184106864e+88	530.4670360812374
614	44	22.0	5.066516480415558e+89	526.3927187749067
615	44	23.0	9.348787238700886e+90	522.318401468576
616	44	24.0	1.578026531770144e+92	518.2440841622453
617	44	25.0	2.4353156491077543e+93	514.1697668559145
618	44	26.0	3.4331002398205615e+94	510.09544954958386
619	44	27.0	4.415157461269268e+95	506.0211322432532
620	44	28.0	5.171160989179931e+96	501.94681493692246
621	44	29.0	5.503779356122151e+97	497.87249763059174
622	44	30.0	5.308624302788725e+98	493.798180324261
623	45	21.0	7.030628382224654e+89	575.9649411670878
624	45	22.0	1.4795637270161956e+91	571.890623860757
625	45	23.0	2.8542016133063733e+92	567.8163065544263
626	45	24.0	5.0471598320476165e+93	563.7419892480956
627	45	25.0	8.178568882604831e+94	559.6676719417649
628	45	26.0	1.2136261766809341e+96	555.5933546354343
629	45	27.0	1.6475012153291536e+97	551.5190373291035
630	45	28.0	2.0431073637109967e+98	547.4447200227728
631	46	23.0	8.124347708025903e+93	616.5186756888929
632	46	24.0	1.5019520506102366e+95	612.4443583825622
633	46	25.0	2.549703687081436e+96	608.3700410762315
634	46	26.0	3.9727078672695014e+97	604.2957237699009
635	46	27.0	5.67680313430517e+98	600.2214064635701
636	47	22.0	1.026536330373215e+94	672.6500022240887
637	47	24.0	4.152297292561946e+96	664.5013676114272
638	47	25.0	7.369317009979252e+97	660.4270503050966
639	47	26.0	1.2028945126637714e+99	656.3527329987659
