0.0068
0.01339
0.0193
0.0251
0.0305
0.0358
0.0408
0.0451
0.05
0.0545
0.06
0.0624
0.0662
0.0697
0.0733
0.0765
0.0795
0.0825
0.0857
0.0884
0.091
0.0943
0.0967
0.0993
0.1016
0.104
0.1059
0.108
0.1102
0.1123
0.1143
0.1163
0.1178
0.1197
0.1214
0.1229
0.1245
0.1257
0.1273
0.1285
0.1303
0.1313
0.1326
0.1341
0.1351
0.1365
0.1378
0.1388
0.1398
0.141
0.1421
0.1431
0.1443
0.1456
0.1464
0.1475
0.1484
0.1492
0.1504
0.1513
0.1523
0.1533
0.1543
0.1554
0.1559
0.1571
0.1579
0.1585
0.1595
0.1607
0.1615
0.1622
0.1629
0.1637
0.1645
0.1654
0.166
0.1671
0.1676
0.1687
0.28
