0.001
0.00175
0.0025
0.00325
0.004
0.00475
0.0055
0.00625
0.007
0.00775
0.0085
0.00925
0.01
0.01075
0.0115
0.01225
0.013
0.01375
0.0145
0.01525
0.016
0.01675
0.0175
0.01825
0.019
0.01975
0.0205
0.02125
0.022
0.02275
0.0235
0.02425
0.025
0.02575
0.0265
0.02725
0.028
0.02875
0.0295
0.03025
0.031
0.03175
0.0325
0.03325
0.034
0.03475
0.0355
0.03625
0.037
0.03775
0.0385
0.03925
0.04
0.04075
0.0415
0.04225
0.043
0.04375
0.0445
0.04525
0.046
0.04675
0.0475
0.04825
0.049
0.04975
0.0505
0.05125
0.052
0.05275
0.0535
0.05425
0.055
0.05575
0.0565
0.05725
0.058
0.05875
0.0595
0.06025
0.061
0.06175
0.0625
0.06325
0.064
0.06475
0.0655
0.06625
0.067
0.06775
0.0685
0.06925
0.07
0.07075
0.0715
0.07225
0.073
0.07375
0.0745
0.07525
0.076
0.105