Stock Solution c_S1=0.027893829345703128,c_Ion1=0.105,c_Stot=0.3060645740716982
	0	c_Stot	c_Iontot	c_S1	c_Ion1	Mcount	Scount	Ioncount
0	0.001	0.0010024998745898316	0.0010033481227895962	0.00099609375	0.001	8.809418860309392e-19	6.288372600415926e-18	0.0
1	0.00175	0.0017593844656109401	0.0017602594857917457	0.00173974609375	0.00175	4.631362618128935e-17	3.2591117304914263e-16	4.553649124439119e-18
2	0.0025	0.0025205874556261743	0.002520949952452266	0.00248046875	0.0025	5.876140828280527e-16	4.142085979763621e-15	8.413408858487514e-17
3	0.00325	0.0032861312215109293	0.0032854265359445194	0.0032182617187499997	0.00325	3.849147882929803e-15	2.7183116868556567e-14	7.029966886396011e-16
4	0.004	0.004056038545733486	0.004053696541612781	0.003953125	0.004	1.7174818795826264e-14	1.2151130796000942e-13	3.812922200197022e-15
5	0.00475	0.004830332623370862	0.004825767568871305	0.00468505859375	0.00475	5.960219601919116e-14	4.2243292197596816e-13	1.5519703577826505e-14
6	0.0055	0.005597715690717472	0.005601441997679891	0.0054033203124999995	0.0055	1.7077344607790117e-13	1.2124225234888542e-12	5.0882908997351706e-14
7	0.00625	0.006379217208509987	0.006381077777348696	0.0061279296875	0.00625	4.3481028686854505e-13	3.0921593410782044e-12	1.4555631006052394e-13
8	0.006999999999999999	0.007165154114709774	0.007164530784317793	0.006849609375000001	0.007	9.995030679269194e-13	7.119655559550964e-12	3.7066096719717834e-13
9	0.00775	0.007955550977723463	0.007951809681609467	0.007568359375	0.00775	2.1177973909586706e-12	1.5109793624623613e-11	8.604107010201645e-13
10	0.0085	0.008750432815405367	0.008742923436084613	0.0082841796875	0.0085	4.198668969411738e-12	3.0003631523722873e-11	1.852015069081503e-12
11	0.00925	0.00953008070511792	0.009537284332307385	0.008979003906249998	0.00925	7.76384591392208e-12	5.556490163816097e-11	3.690624195140657e-12
12	0.01	0.010332251299121065	0.010335991387681036	0.009687500000000002	0.01	1.3898774164147286e-11	9.96257781132881e-11	7.075702870840139e-12
13	0.01075	0.011138959392987825	0.011138552968390515	0.010393066406249998	0.01075	2.3905687998084192e-11	1.716182820854506e-10	1.2964759474320964e-11
14	0.0115	0.011950231519276162	0.0119449791397948	0.011095703124999998	0.0115	3.971720438930975e-11	2.8556530057288754e-10	2.2842179536741725e-11
15	0.01225	0.012766094712757386	0.012755280287105144	0.011795410156250002	0.01225	6.401716127273198e-11	4.609850921127867e-10	3.8890132433855307e-11
16	0.013000000000000001	0.0135577892658025	0.013568255182760459	0.012466796875000002	0.013	9.89998257968371e-11	7.139449153398258e-10	6.330998225667628e-11
17	0.01375	0.014381029611449145	0.014386187222691636	0.013159179687500001	0.01375	1.5170751117643657e-10	1.0957293128388557e-09	1.0181549006671453e-10
18	0.0145	0.015208917930561793	0.01520801747644644	0.013848632812500001	0.0145	2.2758945682957244e-10	1.6463362860485997e-09	1.5986761740804933e-10
19	0.01525	0.016041482980826253	0.01603375748922943	0.01453515625	0.01525	3.3496052662555204e-10	2.4268121158466105e-09	2.4567626058513703e-10
20	0.016	0.016878754095814227	0.01686341915045872	0.01521875	0.016	4.845331426549723e-10	3.5160060037064955e-09	3.7027330507255485e-10
21	0.01675	0.017682263948066868	0.017694945082610183	0.01586669921875	0.01675	6.797112905401981e-10	4.939809492010561e-09	5.401443667341077e-10
22	0.0175	0.01852700904687912	0.018532284480325834	0.016542968749999998	0.0175	9.54047959520735e-10	6.9447626538376994e-09	7.870218400596318e-10
23	0.01825	0.019376522254160273	0.019373572548091755	0.017216308593749997	0.01825	1.3216122422382114e-09	9.636182352057432e-09	1.1299669325226525e-09
24	0.019	0.02023083492597121	0.020218822433366406	0.017886718750000002	0.019	1.808776444607056e-09	1.3210329864732362e-08	1.6005464661961177e-09
25	0.01975	0.021066588466561675	0.02106657517404436	0.018534912109375003	0.01975	2.4294878294419526e-09	1.777324274906955e-08	2.221996975304563e-09
26	0.0205	0.021905060736620362	0.021918070564565177	0.0191787109375	0.0205	3.2294694039767657e-09	2.3665847510845328e-08	3.0491847241576053e-09
27	0.02125	0.022771786446810174	0.022775030210994338	0.019838867187499998	0.02125	4.2844393460135684e-09	3.145320598071932e-08	4.1716354502729924e-09
28	0.022000000000000002	0.02364341197326732	0.023635996372770984	0.020496093749999996	0.022	5.6336070384516395e-09	4.14343796356631e-08	5.651026469682963e-09
29	0.02275	0.02451997180762981	0.0245009839864401	0.021150390625	0.02275	7.346351974413698e-09	5.413475275689583e-08	7.584867178778154e-09
30	0.0235	0.025343677834629725	0.02536571310378203	0.021755859375	0.0235	9.359025362408525e-09	6.909401435717388e-08	9.936756781986356e-09
31	0.02425	0.026227902294710448	0.02623848339029359	0.022402832031250004	0.02425	1.2021745191105274e-08	8.893453664476914e-08	1.3116910137916937e-08
32	0.025	0.027117135264511042	0.02711530989209072	0.023046875	0.025	1.5337398951502e-08	1.137075994819825e-07	1.718606877990081e-08
33	0.02575	0.028011414179585945	0.027996209127461542	0.02368798828125	0.02575	1.944315696434841e-08	1.4447369951764433e-07	2.236129947527643e-08
34	0.0265	0.02887714992626827	0.02887839920903328	0.024300292968749998	0.0265	2.4307477046168302e-08	1.810370881399903e-07	2.8676016866624465e-08
35	0.02725	0.029745566173510884	0.02976433833642565	0.024908203125	0.02725	3.021600277892255e-08	2.2559748425951542e-07	3.6548491545718154e-08
36	0.027999999999999997	0.030652730693867408	0.03065718734430408	0.0255390625	0.028	3.7660670649395196e-08	2.8195308530987173e-07	4.669428393250241e-08
37	0.02875	0.03156506389420481	0.03155416633228557	0.0261669921875	0.02875	4.670765834168097e-08	3.507287961723726e-07	5.934780118038718e-08
38	0.0295	0.03248260815710116	0.03245529424949013	0.0267919921875	0.0295	5.7659756432688414e-08	4.3438696425979195e-07	7.507200438378048e-08
39	0.03025	0.033325570333517865	0.033353063203754335	0.027354980468749998	0.03025	6.97253023838959e-08	5.270387772315921e-07	9.298964806503385e-08
40	0.031	0.034251030047078516	0.03426211838439562	0.02797265625	0.031	8.534809380646001e-08	6.477315457123489e-07	1.166487257897586e-07
41	0.03175	0.03518179621007197	0.035175368099281415	0.02858740234375	0.03175	1.0408061728849056e-07	7.935127907601758e-07	1.4583209038271372e-07
42	0.0325	0.036117916804716925	0.03609283379027897	0.029199218750000002	0.0325	1.2648851599841688e-07	9.694149840366872e-07	1.8179897681713797e-07
43	0.03325	0.03696885012740543	0.03700520362196811	0.0297431640625	0.03325	1.506866077591563e-07	1.161288252754522e-06	2.2219754552271764e-07
44	0.034	0.03791302842169219	0.037930676866770936	0.03034765625	0.034	1.8202265924648674e-07	1.4126951176571256e-06	2.758883901748943e-07
45	0.03475	0.03886267541644446	0.038860419659365215	0.030949218750000004	0.03475	2.1934365169457711e-07	1.7166648119265604e-06	3.42339512932055e-07
46	0.0355	0.03981784969192739	0.039794457632092876	0.03154785156249999	0.0355	2.637917898354525e-07	2.0855060829522154e-06	4.2502460428223143e-07
47	0.03625	0.04072759967848668	0.040727118723849494	0.032108154296875	0.03625	3.1399959790356763e-07	2.5119051487235144e-06	5.236537018449283e-07
48	0.037000000000000005	0.04164004281747779	0.04166357378227235	0.0326640625	0.037	3.7333741284422113e-07	3.0304373693015862e-06	6.473446963126128e-07
49	0.03775	0.042609180098329334	0.042610095531791806	0.03325244140625	0.03775	4.4779646493312004e-07	3.705811077128751e-06	8.137745811653829e-07
50	0.0385	0.04358411108150094	0.04356102749426861	0.03383789062499999	0.0385	5.376852079107463e-07	4.563519182057552e-06	1.034670602202692e-06
51	0.03925	0.04450786040709459	0.04450954664255221	0.034382080078125	0.03925	6.410743783869084e-07	5.61819958817128e-06	1.321950162648522e-06
52	0.04	0.045434534936967225	0.04546196372387273	0.034921875000000005	0.04	7.675572695736133e-07	7.02326013462401e-06	1.7287723542355748e-06
53	0.04075	0.046424632916166074	0.04642589207300115	0.035497070312500004	0.04075	9.358724941457919e-07	9.112274744906002e-06	2.376077994678538e-06
54	0.0415	0.047421576002209635	0.0473946721634171	0.0360693359375	0.0415	1.1570403556871433e-06	1.227435163854429e-05	3.434855435073547e-06
55	0.04225	0.048362516997429314	0.048360423298451166	0.036597412109375005	0.04225	1.442916386105452e-06	1.7073011695262208e-05	5.170514426090789e-06
56	0.043	0.04930930283914	0.049331358946418054	0.03712109375	0.043	1.8531615464798414e-06	2.5169059455633358e-05	8.300786575078656e-06
57	0.04375	0.050332861600442716	0.0503181998384353	0.03768310546875	0.04375	2.527436680204061e-06	4.0709615263812005e-05	1.466247301799839e-05
58	0.0445	0.05130637127955261	0.05130604190609631	0.03819873046875	0.0445	3.5902373475184244e-06	6.878875602905205e-05	2.6753556929347277e-05
59	0.04525	0.05230898172330949	0.05231010715558694	0.038709960937499996	0.04525	5.4531021102601625e-06	0.00012345533710822476	5.1273132588867953e-05
60	0.046	0.05328839672529505	0.05333036934026514	0.039171875	0.046	8.631676115468246e-06	0.00022442101894846328	9.822761160060978e-05
61	0.04675	0.05436329921315052	0.05440142499676345	0.039627929687499994	0.04675	1.450287863043059e-05	0.0004219292189662563	0.00019298518687833888
62	0.0475	0.05552306950227268	0.05554728612147881	0.04003173828125001	0.0475	2.4720231053351077e-05	0.0007809242153932611	0.0003704222558367082
63	0.04825	0.05673243143050272	0.056784119738295905	0.040333984375	0.04825	4.035697951027346e-05	0.0013486390906648424	0.000659205792460503
64	0.049	0.05817701806495687	0.058187073681263926	0.040578125	0.049	6.43741988112522e-05	0.0022422707493469016	0.0011253726344549742
65	0.04975	0.05971925458391818	0.059724427907678304	0.04071337890624999	0.04975	9.510543411728436e-05	0.0034098888350008946	0.0017505766668531111
66	0.0505	0.06150235551386825	0.061450196660837175	0.04078466796875001	0.0505	0.00013427226134577028	0.00492263274303377	0.0025789726745399436
67	0.05125	0.06325533387539728	0.06324217205039885	0.0407647705078125	0.05125	0.00017590239782985567	0.006556164605649832	0.0034961378410635555
68	0.052000000000000005	0.0651484993333638	0.06516331688910172	0.040701171875	0.052	0.0002223963948012875	0.008402905790119285	0.004553810957157033
69	0.05275	0.06735684170977642	0.06729749784662857	0.04061853027343751	0.05275	0.0002771196451680971	0.01059714003675774	0.005829874545469758
70	0.0535	0.06950364390754508	0.0694546487709694	0.040490722656250006	0.0535	0.0003315820816289574	0.012806230927100669	0.007141467986470237
71	0.05425	0.07178318943571974	0.0717261371526877	0.0403431396484375	0.05425	0.00038966969980990424	0.015182235379106797	0.008573584917235144
72	0.055	0.0741129342811009	0.07406508278381888	0.04017578125	0.055	0.0004493311593919042	0.017642785142406595	0.010079562473989653
73	0.05575	0.07638471800726893	0.07640752485087238	0.039988647460937506	0.05575	0.0005079284834892077	0.020079872946285424	0.011595652577133686
74	0.0565	0.07881061781982143	0.07886623674195536	0.039795532226562506	0.0565	0.0005701800201133651	0.022682422166510605	0.013230953504169682
75	0.05725	0.08137668577333257	0.08143327945776659	0.039596984863281254	0.05725	0.0006357181605390777	0.02543559076227111	0.014977431676177391
76	0.057999999999999996	0.08406642380382225	0.08409878543282781	0.03939355468750001	0.058	0.0007041217753307994	0.028321979701520443	0.016825116644635624
77	0.05875	0.08686163746198122	0.08685147744604571	0.039185791015625	0.05875	0.0007749364062769328	0.03132248729511775	0.01876262013356811
78	0.0595	0.08974343696231492	0.08967930017951879	0.03897424316406249	0.0595	0.000847697580013569	0.03441731080412818	0.020777767728932847
79	0.06025	0.09238643180891759	0.09238739577970123	0.03875210571289063	0.06025	0.0009148511302630576	0.037292623028989606	0.022677769743139994
80	0.061	0.0950187231740781	0.09510668819164658	0.038527099609375004	0.061	0.0009816566845190842	0.04016345359509272	0.02459132401978649
81	0.06175	0.09798964081943982	0.09804677073314327	0.03830731201171875	0.06175	0.001056197341695387	0.04336539141198761	0.026725583458651475
82	0.0625	0.10098420145555934	0.10101864963445828	0.0380859375	0.0625	0.0011311762074443408	0.0465950026334786	0.02889359926567732
83	0.06325	0.10399676655228525	0.10401756297081335	0.037863525390625	0.06325	0.0012064597082357958	0.04984571408112152	0.03109045207457302
84	0.064	0.10702731472609323	0.10704230164499297	0.037640625000000004	0.064	0.0012820468621315302	0.053116566373388754	0.03331476800754343
85	0.06475	0.11008224936122732	0.110095808667445	0.03741778564453124	0.06475	0.0013580871343717843	0.056413021760428096	0.035569318047772025
86	0.0655	0.11317513762947337	0.11318573764931114	0.037195556640624995	0.0655	0.0014348967490785433	0.05974770330319128	0.037861576615097245
87	0.06625	0.1163274200769453	0.11632499435535565	0.03697448730468751	0.06625	0.001512974391595049	0.06314110456430634	0.040204263190830855
88	0.067	0.11956914814219713	0.11953229795219186	0.036755126953124995	0.067	0.0015930176464597622	0.06662232717404283	0.04261590362610601
89	0.06775	0.12293982549082695	0.1228328118018064	0.036538024902343744	0.06775	0.0016759419339352072	0.07022992215559973	0.04512146098275009
90	0.0685	0.12575566401248012	0.1257899283964692	0.03631536865234376	0.0685	0.00174594718568825	0.07329346070549983	0.04728691370373686
91	0.06925	0.12910244043818495	0.12909517063504566	0.036100112915039076	0.06925	0.0018281334618193345	0.07687654102329648	0.04979946693209253
92	0.07	0.13270585845990923	0.13257565952150374	0.03588867187500001	0.07	0.0019161583967777472	0.0807109796477361	0.05248738962346161
93	0.07075	0.1353237131670734	0.13542862405714756	0.03566864013671874	0.07075	0.0019813455948445476	0.08357583583789963	0.054552133975520556
94	0.0715	0.13914199726114945	0.13906677077437482	0.03546197509765625	0.0715	0.0020741665029881356	0.087619427259417	0.057398873749020404
95	0.07225	0.1424467249126864	0.1423804409843203	0.035251861572265626	0.07225	0.0021550593431382834	0.09115660471151363	0.05992370394223519
96	0.073	0.14570502298366333	0.1456713147194148	0.03504302978515624	0.073	0.002234812317752425	0.0946463682704677	0.06242666551859907
97	0.07375	0.14895298855760553	0.14896243260169173	0.034835891723632814	0.07375	0.0023142627296942474	0.09812409515755295	0.06493063824839308
98	0.0745	0.15223530090750828	0.1522828726016152	0.034630859375	0.0745	0.0023944444738251565	0.10163374264674245	0.0674645341502713
99	0.07525	0.1556055471649028	0.15566802721215062	0.0344283447265625	0.07525	0.0024765954122950855	0.10522817368120177	0.07006357468703174
100	0.076	0.15912678585769502	0.15916004010885765	0.034228759765625005	0.076	0.0025621703088674255	0.10896972032419125	0.07276972743800787
101	0.105	0.3060645740716982	0.30603039241648633	0.027893829345703128	0.105	0.006102874354646213	0.2628104360473023	0.18956828849233026
