Stock Solution c_S1=0.027893829345703128,c_Ion1=0.105,c_Stot=0.3060645740716982
	0	c_Stot	c_Iontot	c_S1	c_Ion1	Mcount	Scount	Ioncount	fraction_of_Micelles	mean size	percent neutral
0	0.001	0.0010024998745898316	0.0010033481227895962	0.00099609375	0.001	8.809418860309392e-19	6.288372600415926e-18	0.0	6.272691657930417e-15	7.1382377204789575	0.0
1	0.00175	0.0017593844656109401	0.0017602594857917457	0.00173974609375	0.00175	4.631362618128935e-17	3.2591117304914263e-16	4.553649124439119e-18	1.8524158841880597e-13	7.037047191541447	0.013972055888223553
2	0.0025	0.0025205874556261743	0.002520949952452266	0.00248046875	0.0025	5.876140828280527e-16	4.142085979763621e-15	8.413408858487514e-17	1.6433018304991237e-12	7.048990316618528	0.0203120092136949
3	0.00325	0.0032861312215109293	0.0032854265359445194	0.0032182617187499997	0.00325	3.849147882929803e-15	2.7183116868556567e-14	7.029966886396011e-16	8.272072852908792e-12	7.062112887142691	0.02586151882578175
4	0.004	0.004056038545733486	0.004053696541612781	0.003953125	0.004	1.7174818795826264e-14	1.2151130796000942e-13	3.812922200197022e-15	2.9958124556736815e-11	7.07496884855277	0.03137915527542418
5	0.00475	0.004830332623370862	0.004825767568871305	0.00468505859375	0.00475	5.960219601919116e-14	4.2243292197596816e-13	1.5519703577826505e-14	8.745420966086018e-11	7.087539557098703	0.03673885904827609
6	0.0055	0.005597715690717472	0.005601441997679891	0.0054033203124999995	0.0055	1.7077344607790117e-13	1.2124225234888542e-12	5.0882908997351706e-14	2.165923727600848e-10	7.099596285805389	0.041967967446638645
7	0.00625	0.006379217208509987	0.006381077777348696	0.0061279296875	0.00625	4.3481028686854505e-13	3.0921593410782044e-12	1.4555631006052394e-13	4.847239465295539e-10	7.111513766952455	0.0470727068061667
8	0.006999999999999999	0.007165154114709774	0.007164530784317793	0.006849609375000001	0.007	9.995030679269194e-13	7.119655559550964e-12	3.7066096719717834e-13	9.936500242101697e-10	7.123195303760219	0.05206164316473702
9	0.00775	0.007955550977723463	0.007951809681609467	0.007568359375	0.00775	2.1177973909586706e-12	1.5109793624623613e-11	8.604107010201645e-13	1.8992768278316513e-09	7.134673830995613	0.05694390819593986
10	0.0085	0.008750432815405367	0.008742923436084613	0.0082841796875	0.0085	4.198668969411738e-12	3.0003631523722873e-11	1.852015069081503e-12	3.428816854738967e-09	7.1459864405377465	0.0617263636109241
11	0.00925	0.00953008070511792	0.009537284332307385	0.008979003906249998	0.00925	7.76384591392208e-12	5.556490163816097e-11	3.690624195140657e-12	5.830475455294e-09	7.156878466446937	0.0664200616996324
12	0.01	0.010332251299121065	0.010335991387681036	0.009687500000000002	0.01	1.3898774164147286e-11	9.96257781132881e-11	7.075702870840139e-12	9.642213998585475e-09	7.167954305659467	0.07102281161401922
13	0.01075	0.011138959392987825	0.011138552968390515	0.010393066406249998	0.01075	2.3905687998084192e-11	1.716182820854506e-10	1.2964759474320964e-11	1.5407030049277978e-08	7.178972723947712	0.07554416299229513
14	0.0115	0.011950231519276162	0.0119449791397948	0.011095703124999998	0.0115	3.971720438930975e-11	2.8556530057288754e-10	2.2842179536741725e-11	2.3896214906988222e-08	7.189964776316181	0.07998933865885256
15	0.01225	0.012766094712757386	0.012755280287105144	0.011795410156250002	0.01225	6.401716127273198e-11	4.609850921127867e-10	3.8890132433855307e-11	3.611011060822822e-08	7.200961163348907	0.08436310218973474
16	0.013000000000000001	0.0135577892658025	0.013568255182760459	0.012466796875000002	0.013	9.89998257968371e-11	7.139449153398258e-10	6.330998225667628e-11	5.2659390210515025e-08	7.211577491105397	0.08867628425722703
17	0.01375	0.014381029611449145	0.014386187222691636	0.013159179687500001	0.01375	1.5170751117643657e-10	1.0957293128388557e-09	1.0181549006671453e-10	7.619268873255879e-08	7.222643785675959	0.0929202941581687
18	0.0145	0.015208917930561793	0.01520801747644644	0.013848632812500001	0.0145	2.2758945682957244e-10	1.6463362860485997e-09	1.5986761740804933e-10	1.0824808796820081e-07	7.2337985642341875	0.09710508039141284
19	0.01525	0.016041482980826253	0.01603375748922943	0.01453515625	0.01525	3.3496052662555204e-10	2.4268121158466105e-09	2.4567626058513703e-10	1.5128352651355755e-07	7.2450689646768796	0.10123414951693989
20	0.016	0.016878754095814227	0.01686341915045872	0.01521875	0.016	4.845331426549723e-10	3.5160060037064955e-09	3.7027330507255485e-10	2.0830956975541412e-07	7.256481949698502	0.1053107715635926
21	0.01675	0.017682263948066868	0.017694945082610183	0.01586669921875	0.01675	6.797112905401981e-10	4.939809492010561e-09	5.401443667341077e-10	2.7936521627088426e-07	7.267511310698789	0.1093451817540159
22	0.0175	0.01852700904687912	0.018532284480325834	0.016542968749999998	0.0175	9.54047959520735e-10	6.9447626538376994e-09	7.870218400596318e-10	3.74845321026469e-07	7.279259480127597	0.11332595212951171
23	0.01825	0.019376522254160273	0.019373572548091755	0.017216308593749997	0.01825	1.3216122422382114e-09	9.636182352057432e-09	1.1299669325226525e-09	4.973122743937435e-07	7.291232665746279	0.11726292542413251
24	0.019	0.02023083492597121	0.020218822433366406	0.017886718750000002	0.019	1.808776444607056e-09	1.3210329864732362e-08	1.6005464661961177e-09	6.529799641523288e-07	7.303461908805549	0.12115870554217568
25	0.01975	0.021066588466561675	0.02106657517404436	0.018534912109375003	0.01975	2.4294878294419526e-09	1.777324274906955e-08	2.221996975304563e-09	8.436697179175667e-07	7.315633580742004	0.1250192216848491
26	0.0205	0.021905060736620362	0.021918070564565177	0.0191787109375	0.0205	3.2294694039767657e-09	2.3665847510845328e-08	3.0491847241576053e-09	1.0803826474345869e-06	7.328091568758392	0.12884325071224506
27	0.02125	0.022771786446810174	0.022775030210994338	0.019838867187499998	0.02125	4.2844393460135684e-09	3.145320598071932e-08	4.1716354502729924e-09	1.3812357697182438e-06	7.341265318643098	0.13262989638735673
28	0.022000000000000002	0.02364341197326732	0.023635996372770984	0.020496093749999996	0.022	5.6336070384516395e-09	4.14343796356631e-08	5.651026469682963e-09	1.7524703998945384e-06	7.354857971608022	0.1363849662858003
29	0.02275	0.02451997180762981	0.0245009839864401	0.021150390625	0.02275	7.346351974413698e-09	5.413475275689583e-08	7.584867178778154e-09	2.2077820146616514e-06	7.368929904997677	0.14011086764983835
30	0.0235	0.025343677834629725	0.02536571310378203	0.021755859375	0.0235	9.359025362408525e-09	6.909401435717388e-08	9.936756781986356e-09	2.7262820656109938e-06	7.382607876531353	0.1438150160246789
31	0.02425	0.026227902294710448	0.02623848339029359	0.022402832031250004	0.02425	1.2021745191105274e-08	8.893453664476914e-08	1.3116910137916937e-08	3.3908368136137654e-06	7.3978058286055335	0.14748949769997408
32	0.025	0.027117135264511042	0.02711530989209072	0.023046875	0.025	1.5337398951502e-08	1.137075994819825e-07	1.718606877990081e-08	4.193201028531758e-06	7.4137472619402045	0.15114265764289592
33	0.02575	0.028011414179585945	0.027996209127461542	0.02368798828125	0.02575	1.944315696434841e-08	1.4447369951764433e-07	2.236129947527643e-08	5.157672461354463e-06	7.430567977338036	0.1547776484573615
34	0.0265	0.02887714992626827	0.02887839920903328	0.024300292968749998	0.0265	2.4307477046168302e-08	1.810370881399903e-07	2.8676016866624465e-08	6.269215923393771e-06	7.447794264955523	0.15839857545902528
35	0.02725	0.029745566173510884	0.02976433833642565	0.024908203125	0.02725	3.021600277892255e-08	2.2559748425951542e-07	3.6548491545718154e-08	7.584239040654577e-06	7.466159104833119	0.1620075315364541
36	0.027999999999999997	0.030652730693867408	0.03065718734430408	0.0255390625	0.028	3.7660670649395196e-08	2.8195308530987173e-07	4.669428393250241e-08	9.198302367439035e-06	7.486671916566087	0.16561011872306527
37	0.02875	0.03156506389420481	0.03155416633228557	0.0261669921875	0.02875	4.670765834168097e-08	3.507287961723726e-07	5.934780118038718e-08	1.1111296886579871e-05	7.509021188916879	0.16921279868682218
38	0.0295	0.03248260815710116	0.03245529424949013	0.0267919921875	0.0295	5.7659756432688414e-08	4.3438696425979195e-07	7.507200438378048e-08	1.3372909039781917e-05	7.533624682700354	0.17282287582387598
39	0.03025	0.033325570333517865	0.033353063203754335	0.027354980468749998	0.03025	6.97253023838959e-08	5.270387772315921e-07	9.298964806503385e-08	1.5814846436446796e-05	7.558787975271937	0.17643796259828565
40	0.031	0.034251030047078516	0.03426211838439562	0.02797265625	0.031	8.534809380646001e-08	6.477315457123489e-07	1.166487257897586e-07	1.891130120238816e-05	7.589291299008742	0.18008807284732914
41	0.03175	0.03518179621007197	0.035175368099281415	0.02858740234375	0.03175	1.0408061728849056e-07	7.935127907601758e-07	1.4583209038271372e-07	2.2554641213372903e-05	7.624020796885915	0.18378039028584317
42	0.0325	0.036117916804716925	0.03609283379027897	0.029199218750000002	0.0325	1.2648851599841688e-07	9.694149840366872e-07	1.8179897681713797e-07	2.6840279556491024e-05	7.66405532063338	0.18753472951296762
43	0.03325	0.03696885012740543	0.03700520362196811	0.0297431640625	0.03325	1.506866077591563e-07	1.161288252754522e-06	2.2219754552271764e-07	3.1412614910996264e-05	7.706645401498579	0.19133711634099057
44	0.034	0.03791302842169219	0.037930676866770936	0.03034765625	0.034	1.8202265924648674e-07	1.4126951176571256e-06	2.758883901748943e-07	3.7261468589220975e-05	7.761094819212143	0.1952922373175887
45	0.03475	0.03886267541644446	0.038860419659365215	0.030949218750000004	0.03475	2.1934365169457711e-07	1.7166648119265604e-06	3.42339512932055e-07	4.417258445362117e-05	7.8263710787349945	0.19942129095537167
46	0.0355	0.03981784969192739	0.039794457632092876	0.03154785156249999	0.0355	2.637917898354525e-07	2.0855060829522154e-06	4.2502460428223143e-07	5.237616041769899e-05	7.905879421998342	0.20379926376458807
47	0.03625	0.04072759967848668	0.040727118723849494	0.032108154296875	0.03625	3.1399959790356763e-07	2.5119051487235144e-06	5.236537018449283e-07	6.167574736918181e-05	7.999708169992451	0.20846874019547898
48	0.037000000000000005	0.04164004281747779	0.04166357378227235	0.0326640625	0.037	3.7333741284422113e-07	3.0304373693015862e-06	6.473446963126128e-07	7.277699935576448e-05	8.117154255220779	0.213614279862779
49	0.03775	0.042609180098329334	0.042610095531791806	0.03325244140625	0.03775	4.4779646493312004e-07	3.705811077128751e-06	8.137745811653829e-07	8.697212827322281e-05	8.275659517951368	0.21959418983546578
50	0.0385	0.04358411108150094	0.04356102749426861	0.03383789062499999	0.0385	5.376852079107463e-07	4.563519182057552e-06	1.034670602202692e-06	0.00010470602861496731	8.48734373740681	0.22672647159471138
51	0.03925	0.04450786040709459	0.04450954664255221	0.034382080078125	0.03925	6.410743783869084e-07	5.61819958817128e-06	1.321950162648522e-06	0.00012622937918794529	8.763725049046526	0.23529782840605987
52	0.04	0.045434534936967225	0.04546196372387273	0.034921875000000005	0.04	7.675572695736133e-07	7.02326013462401e-06	1.7287723542355748e-06	0.0001545797738299204	9.150144768383875	0.24614955463672636
53	0.04075	0.046424632916166074	0.04642589207300115	0.035497070312500004	0.04075	9.358724941457919e-07	9.112274744906002e-06	2.376077994678538e-06	0.00019628102954224777	9.736662635034634	0.2607557455405773
54	0.0415	0.047421576002209635	0.0473946721634171	0.0360693359375	0.0415	1.1570403556871433e-06	1.227435163854429e-05	3.434855435073547e-06	0.00025883474724611345	10.608404087387942	0.2798400710867131
55	0.04225	0.048362516997429314	0.048360423298451166	0.036597412109375005	0.04225	1.442916386105452e-06	1.7073011695262208e-05	5.170514426090789e-06	0.00035302157032417723	11.832294552661951	0.30284723740484615
56	0.043	0.04930930283914	0.049331358946418054	0.03712109375	0.043	1.8531615464798414e-06	2.5169059455633358e-05	8.300786575078656e-06	0.0005104322715277784	13.581686660530513	0.3298012223981126
57	0.04375	0.050332861600442716	0.0503181998384353	0.03768310546875	0.04375	2.527436680204061e-06	4.0709615263812005e-05	1.466247301799839e-05	0.0008088078835448914	16.107076225753428	0.3601722326035417
58	0.0445	0.05130637127955261	0.05130604190609631	0.03819873046875	0.0445	3.5902373475184244e-06	6.878875602905205e-05	2.6753556929347277e-05	0.0013407449077667821	19.159946647148246	0.38892340076695464
59	0.04525	0.05230898172330949	0.05231010715558694	0.038709960937499996	0.04525	5.4531021102601625e-06	0.00012345533710822476	5.1273132588867953e-05	0.0023601173840708052	22.639469170390214	0.41531726201452385
60	0.046	0.05328839672529505	0.05333036934026514	0.039171875	0.046	8.631676115468246e-06	0.00022442101894846328	9.822761160060978e-05	0.00421144250417905	25.999703411750293	0.4376934569714571
61	0.04675	0.05436329921315052	0.05440142499676345	0.039627929687499994	0.04675	1.450287863043059e-05	0.0004219292189662563	0.00019298518687833888	0.007761287947442882	29.09279114292148	0.45738758588741596
62	0.0475	0.05552306950227268	0.05554728612147881	0.04003173828125001	0.0475	2.4720231053351077e-05	0.0007809242153932611	0.0003704222558367082	0.014064860289492751	31.590490141773934	0.4743382885753765
63	0.04825	0.05673243143050272	0.056784119738295905	0.040333984375	0.04825	4.035697951027346e-05	0.0013486390906648424	0.000659205792460503	0.02377192474672845	33.41774104579672	0.4887933302715795
64	0.049	0.05817701806495687	0.058187073681263926	0.040578125	0.049	6.43741988112522e-05	0.0022422707493469016	0.0011253726344549742	0.038542208313999876	34.83182378582033	0.5018897181719726
65	0.04975	0.05971925458391818	0.059724427907678304	0.04071337890624999	0.04975	9.510543411728436e-05	0.0034098888350008946	0.0017505766668531111	0.05709865032238941	35.853774988249434	0.5133823275657172
66	0.0505	0.06150235551386825	0.061450196660837175	0.04078466796875001	0.0505	0.00013427226134577028	0.00492263274303377	0.0025789726745399436	0.08003974322452997	36.66157621608298	0.5239010930054775
67	0.05125	0.06325533387539728	0.06324217205039885	0.0407647705078125	0.05125	0.00017590239782985567	0.006556164605649832	0.0034961378410635555	0.10364603589895534	37.271604517815526	0.5332596192064378
68	0.052000000000000005	0.0651484993333638	0.06516331688910172	0.040701171875	0.052	0.0002223963948012875	0.008402905790119285	0.004553810957157033	0.12898080348899144	37.78346226173014	0.5419328826120742
69	0.05275	0.06735684170977642	0.06729749784662857	0.04061853027343751	0.05275	0.0002771196451680971	0.01059714003675774	0.005829874545469758	0.15732833915251154	38.24030602496498	0.5501365958407627
70	0.0535	0.06950364390754508	0.0694546487709694	0.040490722656250006	0.0535	0.0003315820816289574	0.012806230927100669	0.007141467986470237	0.18425265507137628	38.621601216168635	0.5576557245549426
71	0.05425	0.07178318943571974	0.0717261371526877	0.0403431396484375	0.05425	0.00038966969980990424	0.015182235379106797	0.008573584917235144	0.21150126510751036	38.96180633627216	0.564711631926994
72	0.055	0.0741129342811009	0.07406508278381888	0.04017578125	0.055	0.0004493311593919042	0.017642785142406595	0.010079562473989653	0.2380527139229134	39.26454859325403	0.5713135648726
73	0.05575	0.07638471800726893	0.07640752485087238	0.039988647460937506	0.05575	0.0005079284834892077	0.020079872946285424	0.011595652577133686	0.2628781446096925	39.53287440851321	0.5774763918154555
74	0.0565	0.07881061781982143	0.07886623674195536	0.039795532226562506	0.0565	0.0005701800201133651	0.022682422166510605	0.013230953504169682	0.2878092164988182	39.781159224065426	0.5833130786051802
75	0.05725	0.08137668577333257	0.08143327945776659	0.039596984863281254	0.05725	0.0006357181605390777	0.02543559076227111	0.014977431676177391	0.31256606877699167	40.01079777350105	0.5888375786574448
76	0.057999999999999996	0.08406642380382225	0.08409878543282781	0.03939355468750001	0.058	0.0007041217753307994	0.028321979701520443	0.016825116644635624	0.3369000181048825	40.22312715469516	0.594065698159242
77	0.05875	0.08686163746198122	0.08685147744604571	0.039185791015625	0.05875	0.0007749364062769328	0.03132248729511775	0.01876262013356811	0.36060208177433223	40.419429312402556	0.5990143744584628
78	0.0595	0.08974343696231492	0.08967930017951879	0.03897424316406249	0.0595	0.000847697580013569	0.03441731080412818	0.020777767728932847	0.3835078304230838	40.60093082202413	0.6037010807491868
79	0.06025	0.09238643180891759	0.09238739577970123	0.03875210571289063	0.06025	0.0009148511302630576	0.037292623028989606	0.022677769743139994	0.40365909039675607	40.7635972622851	0.6081033700823704
80	0.061	0.0950187231740781	0.09510668819164658	0.038527099609375004	0.061	0.0009816566845190842	0.04016345359509272	0.02459132401978649	0.422689889460119	40.91395110783449	0.6122811117715018
81	0.06175	0.09798964081943982	0.09804677073314327	0.03830731201171875	0.06175	0.001056197341695387	0.04336539141198761	0.026725583458651475	0.44255077423841827	41.05803877746779	0.6162883024564066
82	0.0625	0.10098420145555934	0.10101864963445828	0.0380859375	0.0625	0.0011311762074443408	0.0465950026334786	0.02889359926567732	0.461408833875702	41.191639575544464	0.620100818385129
83	0.06325	0.10399676655228525	0.10401756297081335	0.037863525390625	0.06325	0.0012064597082357958	0.04984571408112152	0.03109045207457302	0.4793006141788184	41.31568898725249	0.6237337080571219
84	0.064	0.10702731472609323	0.10704230164499297	0.037640625000000004	0.064	0.0012820468621315302	0.053116566373388754	0.03331476800754343	0.4962898163830971	41.43106460638825	0.6272010839961605
85	0.06475	0.11008224936122732	0.110095808667445	0.03741778564453124	0.06475	0.0013580871343717843	0.056413021760428096	0.035569318047772025	0.5124624731759673	41.53858786573609	0.6305160925225024
86	0.0655	0.11317513762947337	0.11318573764931114	0.037195556640624995	0.0655	0.0014348967490785433	0.05974770330319128	0.037861576615097245	0.5279225150916151	41.63902618189067	0.6336909123178792
87	0.06625	0.1163274200769453	0.11632499435535565	0.03697448730468751	0.06625	0.001512974391595049	0.06314110456430634	0.040204263190830855	0.542787801212658	41.733095361739736	0.636736773426012
88	0.067	0.11956914814219713	0.11953229795219186	0.036755126953124995	0.067	0.0015930176464597622	0.06662232717404283	0.04261590362610601	0.5571866004666396	41.82146213012816	0.6396639900431139
89	0.06775	0.12293982549082695	0.1228328118018064	0.036538024902343744	0.06775	0.0016759419339352072	0.07022992215559973	0.04512146098275009	0.5712544480619901	41.90474665831403	0.6424820019418513
90	0.0685	0.12575566401248012	0.1257899283964692	0.03631536865234376	0.0685	0.00174594718568825	0.07329346070549983	0.04728691370373686	0.5828243306657434	41.97919691173685	0.6451723420966602
91	0.06925	0.12910244043818495	0.12909517063504566	0.036100112915039076	0.06925	0.0018281334618193345	0.07687654102329648	0.04979946693209253	0.5954693091964086	42.05193035895199	0.6477849584439734
92	0.07	0.13270585845990923	0.13257565952150374	0.03588867187500001	0.07	0.0019161583967777472	0.0807109796477361	0.05248738962346161	0.6081945483372845	42.12124623071945	0.6503128800138885
93	0.07075	0.1353237131670734	0.13542862405714756	0.03566864013671874	0.07075	0.0019813455948445476	0.08357583583789963	0.054552133975520556	0.6175993392578225	42.18135193343533	0.6527261549777105
94	0.0715	0.13914199726114945	0.13906677077437482	0.03546197509765625	0.0715	0.0020741665029881356	0.087619427259417	0.057398873749020404	0.6297123009882342	42.243198476683816	0.6550930032797195
95	0.07225	0.1424467249126864	0.1423804409843203	0.035251861572265626	0.07225	0.0021550593431382834	0.09115660471151363	0.05992370394223519	0.6399347178209162	42.29888378793678	0.6573709511436692
96	0.073	0.14570502298366333	0.1456713147194148	0.03504302978515624	0.073	0.002234812317752425	0.0946463682704677	0.06242666551859907	0.6495751919347323	42.35092473700636	0.6595780341006273
97	0.07375	0.14895298855760553	0.14896243260169173	0.034835891723632814	0.07375	0.0023142627296942474	0.09812409515755295	0.06493063824839308	0.6587588212075705	42.39972147437071	0.6617196127427948
98	0.0745	0.15223530090750828	0.1522828726016152	0.034630859375	0.0745	0.0023944444738251565	0.10163374264674245	0.0674645341502713	0.667609562571107	42.445646060182476	0.6638005488468909
99	0.07525	0.1556055471649028	0.15566802721215062	0.0344283447265625	0.07525	0.0024765954122950855	0.10522817368120177	0.07006357468703174	0.6762495013734076	42.489044903659	0.6658252465665293
100	0.076	0.15912678585769502	0.15916004010885765	0.034228759765625005	0.076	0.0025621703088674255	0.10896972032419125	0.07276972743800787	0.6847980981758874	42.53024084583976	0.6677976893169378
101	0.105	0.3060645740716982	0.30603039241648633	0.027893829345703128	0.105	0.006102874354646213	0.2628104360473023	0.18956828849233026	0.858676430764368	43.06338632831604	0.7213118753709253
